
0.055
0.069
0.533
1.2770000000000001
1.971
2.419
2.474
2.06
1.361
0.643
0.155
0.016
0.314
1.016
1.7
2.303
2.49
2.129
1.599
0.771
0.241
0.0
0.271
0.852
1.623
2.236
2.5
2.2680000000000002
1.735
0.022
0.28400000000000003
0.0
0.166
0.662
1.411
2.096
2.461
2.316
1.931
1.124
0.462
0.065
0.043000000000000003
0.47700000000000004
1.219
1.952
2.376
2.436
2.052
1.37
0.682
0.17500000000000002
0.003
0.28600000000000003
0.912
1.715
2.285
2.407
2.305
1.6640000000000001
0.974
0.281
0.0
0.157
0.659
1.443
2.067
2.466
2.321
1.897
1.209
0.514
0.03
0.044
0.47900000000000004
1.227
1.9040000000000001
2.374
2.473
2.11
1.475
0.667
0.167
0.0
0.275
0.921
1.67
2.307
2.49
2.2520000000000002
1.614
0.933
0.25
0.0
0.182
0.6920000000000001
1.499
2.178
2.469
2.348
1.7550000000000001
1.04
0.366
0.008
0.094
0.542
1.343
2.084
2.46
2.4290000000000003
2.0100000000000002
1.365
0.55
0.11
0.031
0.41200000000000003
1.033
1.826
2.307
2.489
2.197
1.565
0.767
0.20700000000000002
0.0
0.229
0.766
1.551
2.216
2.469
2.363
1.804
1.0030000000000001
0.319
0.031
0.091
0.651
1.298
2.058
2.455
2.415
1.913
1.274
0.5720000000000001
0.099
0.024
0.438
1.147
1.83
2.442
2.486
2.12
1.462
0.669
0.146
0.0
0.28500000000000003
0.937
1.748
2.255
2.495
2.266
1.601
0.886
0.261
0.005
0.179
0.763
1.488
2.1710000000000003
2.487
2.318
1.868
1.041
0.394
0.0
0.132
0.613
1.4040000000000001
2.079
2.442
2.408
1.971
1.272
0.513
0.077
0.034
0.444
1.162
1.913
2.395
2.477
2.1550000000000002
1.3960000000000001
0.724
0.123
0.029
0.319
1.8980000000000001
1.747
2.282
2.479
2.233
1.602
0.89
0.246
0.0
0.21
0.789
1.5230000000000001
2.1390000000000002
2.492
2.353
1.83
1.038
0.377
0.008
0.074
0.5730000000000001
1.2790000000000001
2.0380000000000003
2.436
2.403
1.992
1.235
0.5680000000000001
0.08600000000000001
0.014
0.392
1.104
1.862
2.383
2.471
2.152
1.436
0.724
0.155
0.01
0.301
0.966
1.735
2.262
2.492
2.281
1.667
0.841
0.255
0.0
0.154
0.721
1.504
2.134
2.474
2.3810000000000002
1.873
1.1380000000000001
0.406
0.029
0.04
0.521
1.272
1.942
2.44
2.435
2.009
1.377
0.594
0.107
0.014
0.371
1.093
1.797
2.3000000000000003
2.497
2.17
1.598
0.796
0.244
0.0
0.253
0.8190000000000001
1.618
2.2
2.474
2.339
1.797
0.99
0.373
0.008
0.099
0.653
1.299
2.044
2.423
2.42
1.967
1.303
0.5750000000000001
0.08600000000000001
0.013000000000000001
0.44
1.055
1.834
2.358
2.459
2.156
1.449
0.715
0.161
0.0
0.249
0.923
1.704
2.266
2.481
2.2520000000000002
1.609
0.921
0.295
0.0
0.17
0.7020000000000001
1.526
2.137
2.489
2.368
1.905
1.096
0.452
0.038
0.091
0.537
1.241
1.938
2.411
2.45
2.0
1.333
0.551
0.066
0.009000000000000001
0.395
1.106
1.78
2.37
2.5100000000000002
2.174
1.545
0.737
0.182
0.0
0.245
0.8220000000000001
1.604
2.208
2.487
2.323
1.723
1.029
0.40700000000000003
0.0
0.088
0.5700000000000001
1.319
2.039
2.41
2.408
1.959
1.285
0.488
0.074
0.004
0.453
1.109
1.863
2.386
2.468
2.112
1.426
0.6970000000000001
0.112
0.008
0.3
0.9460000000000001
1.741
2.266
2.487
2.242
1.556
0.859
0.244
0.0
0.17500000000000002
0.799
1.506
2.196
2.5
2.378
1.8
1.08
0.332
0.03
0.099
0.614
1.336
2.065
2.481
2.415
1.9180000000000001
1.187
0.499
0.041
0.036000000000000004
0.505
1.281
1.959
2.434
2.461
2.062
1.412
0.607
0.126
0.007
0.34400000000000003
1.025
1.834
2.324
2.47
2.178
1.447
0.729
0.17
0.01
0.249
0.884
1.6280000000000001
2.265
2.491
2.281
1.615
0.93
0.242
0.0
0.16
0.763
1.546
2.162
2.494
2.348
1.762
1.074
0.384
0.016
0.08700000000000001
0.636
1.4040000000000001
2.123
2.46
2.386
1.901
1.203
0.429
0.029
0.079
0.556
1.293
1.968
2.3970000000000002
2.415
2.029
1.243
0.558
0.088
0.025
0.459
1.062
1.83
2.3890000000000002
2.49
2.165
1.472
0.734
0.132
0.0
0.31
0.9510000000000001
1.676
2.326
2.5020000000000002
2.277
1.639
0.911
0.28200000000000003
0.0
0.163
0.766
1.5010000000000001
2.129
2.494
2.345
1.812
0.988
0.339
0.021
0.149
0.639
1.3980000000000001
2.0260000000000002
2.453
2.439
1.967
1.174
0.489
0.024
0.043000000000000003
0.484
1.193
1.8960000000000001
2.386
2.445
2.068
1.367
0.664
0.128
0.004
0.316
1.092
1.7630000000000001
2.335
2.492
2.152
1.56
0.746
0.163
0.004
0.22
0.859
1.627
2.233
2.5020000000000002
2.293
1.696
0.929
0.245
0.0
0.17500000000000002
0.714
1.478
2.144
2.497
2.316
1.856
1.051
0.398
0.034
0.074
0.608
1.327
2.004
2.455
2.445
1.971
1.227
0.519
0.095
0.035
0.438
1.071
1.824
2.378
2.484
2.168
1.464
0.756
0.131
0.0
0.258
0.917
1.697
2.241
2.503
2.283
1.61
0.927
0.269
0.0
0.169
0.767
1.48
2.152
2.49
2.394
1.856
1.031
0.352
0.007
0.08
0.617
1.307
2.017
2.444
2.41
1.917
1.236
0.46900000000000003
0.067
0.049
0.503
1.232
1.868
2.3970000000000002
2.457
2.078
1.351
0.5760000000000001
0.099
0.0
0.366
1.012
1.816
2.321
2.468
2.1350000000000002
1.512
0.6940000000000001
0.147
0.011
0.291
0.987
1.7
2.31
2.484
2.22
1.589
0.907
0.215
0.001
0.196
0.785
1.589
2.197
2.487
2.302
1.694
0.9530000000000001
0.307
0.0
0.154
0.672
1.44
2.149
2.473
2.316
1.831
1.143
0.40800000000000003
0.011
0.079
0.601
1.372
2.02
2.453
2.392
1.979
1.186
0.504
0.054
0.06
0.526
1.125
1.984
2.42
2.451
2.063
1.3820000000000001
0.591
0.101
0.026000000000000002
0.35100000000000003
0.989
1.815
2.326
2.474
2.162
1.516
0.794
0.113
0.004
0.247
0.875
1.645
2.197
2.478
2.347
1.743
1.033
0.335
0.0
0.123
0.643
1.33
2.035
2.452
2.407
1.936
1.284
0.543
0.089
0.016
0.384
1.054
1.776
2.345
2.486
2.195
1.502
0.772
0.116
0.0
0.246
0.883
1.585
2.275
2.49
2.303
1.684
0.969
0.355
0.0
0.124
0.624
1.428
2.136
2.466
2.378
1.927
1.124
0.47000000000000003
0.063
0.061
0.557
1.254
2.031
2.436
2.428
2.015
1.272
0.5680000000000001
0.079
0.022
0.368
1.043
1.8780000000000001
2.352
2.453
2.1
1.5010000000000001
0.659
0.153
0.0
0.326
0.9430000000000001
1.72
2.258
2.504
2.231
1.6520000000000001
0.871
0.24
0.001
0.228
0.783
1.564
2.1750000000000003
2.503
2.255
1.784
0.967
0.315
0.0
0.128
0.631
1.3980000000000001
2.13
2.447
2.3810000000000002
1.919
1.207
0.466
0.044
0.067
0.54
1.216
1.955
2.382
2.445
2.004
1.34
0.644
0.08
0.012
0.43
1.055
1.8800000000000001
2.334
2.489
2.15
1.436
0.713
0.17200000000000001
0.012
0.269
0.931
1.691
2.282
2.474
2.271
1.639
0.8250000000000001
0.23900000000000002
0.0
0.215
0.788
1.541
2.154
2.473
2.358
1.844
0.127
0.365
0.04
0.11900000000000001
0.5720000000000001
1.293
2.039
2.457
2.436
1.954
1.256
0.447
0.024
0.038
0.435
1.127
1.8960000000000001
2.395
2.465
2.085
1.3900000000000001
0.643
0.159
0.008
0.352
1.006
1.718
2.2760000000000002
2.481
2.236
1.633
0.895
0.273
0.003
0.222
0.805
1.57
2.183
2.482
2.335
1.726
1.029
0.32
0.0
0.137
0.618
1.423
2.089
2.471
2.3970000000000002
1.905
1.178
0.421
0.033
0.122
0.506
1.299
2.047
2.428
2.457
1.994
1.278
0.5740000000000001
0.077
0.008
0.47700000000000004
1.19
1.8920000000000001
2.428
2.444
2.031
1.344
0.559
0.084
0.016
0.458
1.137
1.824
2.3930000000000002
2.469
2.118
1.452
0.6930000000000001
0.153
0.0
0.358
0.9480000000000001
1.739
2.287
2.487
2.248
1.623
0.901
0.23800000000000002
0.015
0.203
0.764
1.538
2.225
2.481
2.348
1.601
1.0190000000000001
0.354
0.004
0.133
0.6980000000000001
1.431
2.063
2.468
2.403
1.8940000000000001
1.212
0.419
0.028
0.055
0.531
1.211
1.963
2.378
2.455
2.12
1.423
0.592
0.116
0.0
0.355
1.0070000000000001
1.7830000000000001
2.35
2.476
2.17
1.619
0.759
0.183
0.0
0.27
0.863
1.611
2.223
2.508
2.2920000000000003
1.6380000000000001
0.895
0.264
0.0
0.196
0.718
1.465
2.183
2.49
2.341
1.8
1.01
0.342
0.025
0.125
0.5710000000000001
1.333
2.054
2.457
2.39
1.989
1.23
0.518
0.088
0.028
0.46
1.112
1.9100000000000001
2.365
2.454
2.092
1.451
0.647
0.152
0.009000000000000001
0.336
0.92
1.709
2.271
2.497
2.241
1.5070000000000001
0.859
0.265
0.003
0.178
0.717
1.494
2.1550000000000002
2.498
2.376
1.8880000000000001
1.04
0.405
0.024
0.10300000000000001
0.529
1.236
2.027
2.441
2.423
1.978
1.34
0.557
0.10400000000000001
0.0
0.374
1.079
1.828
2.32
2.495
2.194
1.575
0.842
0.254
0.0
0.186
0.749
1.532
2.12
2.479
2.382
1.868
1.077
0.435
0.049
0.083
0.585
1.286
2.946
2.441
2.423
2.017
1.26
0.555
0.074
0.001
0.451
1.158
1.8880000000000001
2.345
2.471
2.106
1.44
0.6940000000000001
0.157
0.008
0.319
0.9580000000000001
1.715
2.337
2.519
2.235
1.604
0.785
0.22
0.0
0.222
0.805
1.576
2.181
2.5020000000000002
2.312
1.726
1.006
0.38
0.0
0.109
0.706
1.369
2.104
2.452
2.403
1.863
1.155
0.465
0.03
0.084
0.521
1.23
1.978
2.442
2.4290000000000003
2.015
1.314
0.518
0.08700000000000001
0.043000000000000003
0.417
1.135
1.846
2.35
2.458
2.112
1.49
0.658
0.14200000000000002
0.0
0.28700000000000003
0.971
1.736
2.279
2.497
2.229
1.557
0.848
0.265
0.0
0.17300000000000001
0.764
1.453
2.158
2.489
2.378
1.8860000000000001
1.078
0.398
0.047
0.092
0.587
1.245
1.984
2.454
2.445
1.962
1.326
0.543
0.106
0.025
0.365
1.066
1.7910000000000001
2.318
2.482
2.17
1.6
0.776
0.214
0.002
0.248
0.787
1.583
2.179
2.497
2.297
1.7810000000000001
1.058
0.368
0.016
0.068
0.61
1.488
2.035
2.423
2.416
2.036
1.2670000000000001
0.549
0.078
0.04
0.387
1.0030000000000001
1.788
2.328
2.508
2.188
1.572
0.774
0.185
0.004
0.226
0.852
1.639
2.213
2.487
2.342
1.721
1.029
0.395
0.003
0.107
0.655
1.319
2.05
2.474
2.394
1.961
1.272
0.481
0.045
0.01
0.438
1.19
1.8800000000000001
2.41
2.466
2.129
1.357
0.648
0.132
0.012
0.327
0.979
1.8920000000000001
2.324
2.487
2.187
1.5270000000000001
0.8130000000000001
0.18
0.0
0.279
0.839
1.635
2.218
2.507
2.278
1.675
0.917
0.279
0.0
0.146
0.726
1.423
2.132
2.474
2.368
1.8860000000000001
1.1
0.448
0.021
0.073
0.514
1.2670000000000001
2.928
2.423
2.415
1.956
1.286
0.582
0.038
0.006
0.483
1.166
1.827
2.363
2.442
2.149
1.399
0.724
0.114
0.0
0.304
1.096
1.718
2.365
2.495
2.229
1.627
0.811
0.249
0.0
0.232
0.839
1.536
2.229
2.484
2.327
1.718
0.979
0.28700000000000003
0.0
0.099
0.651
1.43
2.076
2.468
2.386
1.905
1.113
0.464
0.041
0.033
0.54
1.29
1.933
2.435
2.465
2.0180000000000002
1.289
0.5640000000000001
0.069
0.033
0.41200000000000003
1.143
1.804
2.407
2.484
2.138
1.365
0.674
0.124
0.016
0.323
0.994
1.746
2.384
2.481
2.208
1.526
0.794
0.218
0.0
0.23600000000000002
0.788
1.623
2.242
2.497
2.305
1.663
0.9500000000000001
0.303
0.0
0.132
0.735
1.425
2.109
2.474
2.382
1.836
1.08
0.404
0.01
0.083
0.5640000000000001
1.318
2.062
2.478
2.3890000000000002
1.874
1.158
0.51
0.043000000000000003
0.033
0.536
1.19
1.936
2.434
2.468
2.019
1.353
0.539
0.109
0.001
0.35000000000000003
1.979
1.807
2.332
2.465
2.205
1.594
0.789
0.233
0.001
0.217
0.842
1.591
2.208
2.498
2.27
1.726
0.969
0.233
0.008
0.14200000000000002
0.672
1.465
2.072
2.476
2.39
1.926
1.17
0.395
0.04
0.077
0.5750000000000001
1.336
2.009
2.463
2.468
1.996
1.238
0.5750000000000001
0.10300000000000001
0.007
0.429
1.069
1.867
2.374
2.455
2.178
1.472
0.747
0.154
0.011
0.28600000000000003
0.851
1.702
2.255
2.498
2.294
1.6440000000000001
0.9530000000000001
0.28500000000000003
0.0
0.167
0.6970000000000001
1.446
2.179
2.479
2.403
1.852
1.122
0.47600000000000003
0.046
0.037
0.523
1.206
1.923
2.402
2.472
2.084
1.35
0.625
0.124
0.004
0.398
0.972
1.707
2.313
2.499
2.173
1.58
0.872
0.199
0.0
0.217
0.834
1.5350000000000001
2.178
2.474
2.359
1.79
1.066
0.426
0.043000000000000003
0.076
0.59
1.2670000000000001
2.007
2.439
2.45
2.029
1.346
0.636
0.116
0.007
0.373
1.016
1.793
2.291
2.481
2.162
1.5
0.809
0.20600000000000002
0.009000000000000001
0.249
0.878
1.564
2.223
2.498
2.261
1.718
0.904
0.278
0.01
0.163
0.711
1.484
2.141
2.471
2.341
1.899
1.172
0.426
0.043000000000000003
0.069
0.589
1.201
1.957
2.406
2.428
2.004
1.365
0.632
0.08700000000000001
0.0
0.377
1.104
1.788
2.334
2.498
2.173
1.5090000000000001
0.805
0.20400000000000001
0.0
0.197
0.8290000000000001
1.569
2.199
2.497
2.354
1.741
1.04
0.41400000000000003
0.0
0.126
0.64
1.32
2.065
2.434
2.457
1.989
1.296
0.581
0.08700000000000001
0.027
0.421
1.095
1.804
2.308
2.465
2.187
1.487
0.807
0.169
0.003
0.224
0.854
1.569
2.169
2.486
2.319
1.815
0.974
0.34800000000000003
0.005
0.12
0.598
1.299
2.044
2.441
2.437
1.989
1.228
0.527
0.07
0.049
0.45
1.162
1.871
2.357
2.48
2.145
1.448
0.776
0.108
0.0
0.271
0.933
1.6280000000000001
2.258
2.5
2.297
1.6620000000000001
0.918
0.28600000000000003
0.0
0.203
0.713
1.456
2.132
2.482
2.371
1.799
1.106
0.402
0.036000000000000004
0.075
0.499
1.246
1.988
2.431
2.435
1.963
1.329
0.608
0.089
0.021
0.442
1.113
1.867
2.3810000000000002
2.493
2.12
1.5010000000000001
0.68
0.166
0.002
0.309
0.9580000000000001
1.726
2.279
2.481
2.257
1.693
0.888
0.307
0.0
0.181
0.682
1.488
2.097
2.455
2.349
1.891
1.178
0.47900000000000004
0.012
0.045
0.516
1.29
2.0
2.4130000000000003
2.442
2.013
1.311
0.62
0.084
0.01
0.384
1.104
1.7910000000000001
2.376
2.461
2.113
1.472
0.752
0.156
0.0
0.308
0.888
1.6440000000000001
2.262
2.507
2.27
1.6300000000000001
0.906
0.28400000000000003
0.001
0.18
0.732
1.48
2.184
2.5060000000000002
2.365
1.833
1.1
0.386
0.024
0.107
0.539
1.329
2.049
2.442
2.439
1.0090000000000001
1.245
0.552
0.061
0.015
0.439
1.125
1.8800000000000001
2.357
2.479
2.121
1.488
0.6970000000000001
0.14100000000000001
0.0
0.273
0.9400000000000001
1.762
2.2680000000000002
2.487
2.231
1.6520000000000001
0.861
0.254
0.0
0.165
0.796
1.478
2.15
2.467
2.357
1.752
1.05
0.403
0.013000000000000001
0.084
0.644
1.333
2.025
2.442
2.424
1.984
1.2770000000000001
0.491
0.054
0.048
0.41500000000000004
1.163
1.9100000000000001
2.371
2.453
2.12
1.405
0.709
0.182
0.0
0.321
0.992
1.72
2.294
2.489
2.2680000000000002
1.605
0.863
0.273
0.0
0.155
0.753
1.494
2.181
2.494
2.324
1.844
1.041
0.35100000000000003
0.027
0.08700000000000001
0.633
1.314
2.052
2.432
2.407
2.0180000000000002
1.244
0.5760000000000001
0.08600000000000001
0.034
0.402
1.101
1.794
2.3770000000000002
2.497
2.1390000000000002
1.56
0.8290000000000001
0.186
0.004
0.26
0.842
1.587
2.223
2.473
2.291
1.752
0.9560000000000001
0.304
0.0
0.113
0.594
1.358
2.097
2.432
2.407
1.975
1.195
0.51
0.084
0.025
0.468
1.12
1.8820000000000001
2.3890000000000002
2.461
2.108
1.469
0.6890000000000001
0.166
0.0
0.301
0.905
1.668
2.241
2.484
2.27
1.695
0.891
0.325
0.0
0.148
0.656
1.3900000000000001
2.092
2.473
2.428
1.946
1.235
0.456
0.074
0.033
0.423
1.17
1.915
2.386
2.482
2.096
1.436
0.724
0.145
0.0
0.39
0.9500000000000001
1.717
2.312
2.494
2.255
1.556
0.867
0.258
0.0
0.22
0.76
1.579
2.224
2.507
2.2920000000000003
1.813
0.983
0.356
0.016
0.094
0.668
1.3900000000000001
2.0020000000000002
2.461
2.407
1.955
1.256
0.545
0.046
0.034
0.404
1.129
1.9020000000000001
2.357
2.471
2.116
1.481
0.6910000000000001
0.18
0.0
0.253
0.906
1.72
2.317
2.5100000000000002
2.221
1.685
0.864
0.26
0.003
0.17
0.8240000000000001
1.504
2.152
2.49
2.345
1.809
1.056
0.381
0.024
0.10300000000000001
0.631
1.324
2.054
2.442
2.4010000000000002
1.923
1.2530000000000001
0.493
0.045
0.03
0.425
1.199
1.868
2.39
2.479
2.116
1.456
0.676
0.147
0.0
0.336
0.9380000000000001
1.68
2.31
2.503
2.237
1.665
0.8320000000000001
0.271
0.0
0.152
0.758
1.464
2.169
2.49
2.347
1.809
1.055
0.361
0.025
0.101
0.61
1.327
2.073
2.46
2.415
2.015
1.228
0.541
0.08600000000000001
0.024
0.398
1.123
1.794
2.332
2.459
2.133
1.5150000000000001
0.737
0.184
0.0
0.274
0.9480000000000001
1.6360000000000001
2.291
2.511
2.253
1.6300000000000001
0.892
0.297
0.0
0.171
0.75
1.456
2.17
2.48
2.368
1.784
1.058
0.40700000000000003
0.017
0.122
0.622
1.34
2.047
2.45
2.415
1.938
1.223
0.437
0.038
0.034
0.47700000000000004
1.185
1.95
2.412
2.461
2.088
1.344
0.648
0.088
0.013000000000000001
0.41000000000000003
1.004
1.7590000000000001
2.358
2.481
2.165
1.46
0.76
0.137
0.005
0.281
0.9410000000000001
1.723
2.303
2.5
2.245
1.67
0.8220000000000001
0.212
0.0
0.189
0.722
1.494
2.216
2.5020000000000002
2.34
1.802
1.0210000000000001
0.352
0.0
0.192
0.59
1.3900000000000001
2.049
2.447
2.428
1.911
1.204
0.513
0.037
0.051000000000000004
0.45
1.194
1.86
2.387
2.461
2.0420000000000003
1.419
0.629
0.154
0.0
0.307
0.996
1.7750000000000001
2.316
2.485
2.229
1.557
0.837
0.24
0.0
0.198
0.796
1.567
2.179
2.487
2.37
1.844
1.024
0.361
0.035
0.099
0.541
1.365
2.975
2.415
2.3970000000000002
1.963
1.274
0.5710000000000001
0.078
0.035
0.448
1.101
1.822
2.371
2.5
2.1390000000000002
1.5190000000000001
0.74
0.202
0.0
0.23
0.911
1.659
2.204
2.492
2.305
1.743
1.0070000000000001
0.398
0.016
0.082
0.633
1.385
2.0420000000000003
2.455
2.439
1.991
1.305
0.524
0.10300000000000001
0.001
0.369
1.029
1.754
2.367
2.478
2.216
1.5290000000000001
0.835
0.232
0.0
0.191
0.8160000000000001
1.542
2.197
2.466
2.332
1.749
1.016
0.403
0.008
0.105
0.603
1.372
2.091
2.44
2.426
1.974
1.222
0.502
0.074
0.02
0.442
1.1320000000000001
1.87
2.378
2.467
2.137
1.456
0.782
0.157
0.0
0.266
0.909
1.625
2.2680000000000002
2.505
2.303
1.684
0.9500000000000001
0.28700000000000003
0.02
0.139
0.677
1.449
2.054
2.474
2.358
1.92
1.125
0.461
0.066
0.056
0.483
1.197
1.93
2.4290000000000003
2.492
2.083
1.309
0.61
0.091
0.002
0.341
1.012
1.72
2.35
2.498
2.226
1.589
0.8280000000000001
0.165
0.006
0.219
0.803
1.551
2.214
2.494
2.34
1.741
1.064
0.318
0.022
0.128
0.608
1.428
2.091
2.468
2.363
1.95
1.187
0.48
0.052000000000000005
0.02
0.509
1.217
1.919
2.416
2.471
2.079
1.3900000000000001
0.597
0.14100000000000001
0.015
0.376
1.1
1.823
2.336
2.492
2.1630000000000003
1.5150000000000001
0.771
0.211
0.0
0.265
0.902
1.586
2.236
2.494
2.324
1.749
0.908
0.324
0.0
0.145
0.7030000000000001
1.416
2.149
2.474
2.4
1.901
1.216
0.423
0.011
0.061
0.513
1.282
2.058
2.4250000000000003
2.457
2.007
1.348
0.5710000000000001
0.112
0.025
0.446
1.1420000000000001
1.804
2.387
2.497
2.144
1.413
0.724
0.17
0.0
0.307
0.977
1.718
2.271
2.497
2.1750000000000003
1.559
0.743
0.203
0.0
0.22
0.872
1.564
2.253
2.507
2.2840000000000003
1.676
0.995
0.252
0.023
0.194
0.754
1.502
2.187
2.459
2.366
1.815
1.025
0.377
0.0
0.091
0.675
1.333
2.071
2.473
2.416
1.867
1.206
0.47000000000000003
0.006
0.058
0.5720000000000001
1.2690000000000001
2.05
2.449
2.437
2.017
1.217
0.533
0.088
0.036000000000000004
0.404
1.1360000000000001
1.943
2.3810000000000002
2.494
2.065
1.341
0.659
0.155
0.023
0.356
1.022
1.715
2.328
2.473
2.211
1.5150000000000001
0.783
0.12
0.0
0.266
0.893
1.627
2.257
2.49
2.2
1.701
0.996
0.278
0.011
0.14100000000000001
0.672
1.455
2.09
2.445
2.371
1.907
1.112
0.425
0.023
0.09
0.522
1.254
1.981
2.42
2.428
1.068
1.283
0.562
0.079
0.01
0.384
1.121
1.834
2.345
2.463
2.115
1.446
0.736
0.147
0.0
0.259
0.892
1.586
2.2520000000000002
2.503
2.328
1.708
1.008
0.307
0.009000000000000001
0.156
0.711
1.373
2.1390000000000002
2.476
2.369
1.881
1.176
0.485
0.016
0.066
0.524
1.2530000000000001
1.913
2.424
2.443
2.055
1.369
0.585
0.108
0.0
0.381
1.177
1.735
2.328
2.475
2.207
1.5250000000000001
0.847
0.203
0.0
0.253
0.8220000000000001
1.537
2.2560000000000002
2.472
2.303
1.79
0.964
0.307
0.0
0.17400000000000002
0.743
1.4000000000000001
2.1
2.473
2.379
1.83
1.151
0.441
0.039
0.083
0.497
1.29
1.934
2.431
2.474
1.092
1.32
0.641
0.066
0.008
0.365
1.01
1.7670000000000001
2.334
2.507
2.2
1.6
0.867
0.224
0.013000000000000001
0.196
0.84
1.575
2.192
2.493
2.2760000000000002
1.7610000000000001
1.036
0.39
0.02
0.091
0.595
1.312
2.033
2.436
2.407
1.996
1.245
0.515
0.08700000000000001
0.026000000000000002
0.437
1.1380000000000001
1.873
2.332
2.474
2.141
1.487
0.663
0.14100000000000001
0.0
0.339
0.904
1.699
2.255
2.484
2.285
1.671
0.935
0.269
0.0
0.155
0.714
1.486
2.105
2.487
2.382
1.827
1.107
0.418
0.042
0.096
0.527
1.29
2.009
2.444
2.399
1.022
1.278
0.5750000000000001
0.073
0.008
0.393
1.149
1.947
2.3810000000000002
2.494
2.104
1.452
0.616
0.126
0.0
0.308
0.937
1.691
2.298
2.5060000000000002
2.24
1.657
0.85
0.273
0.0
0.18
0.795
1.487
2.187
2.503
2.35
1.802
1.0
0.359
0.037
0.17400000000000002
0.64
1.335
2.068
2.42
2.411
1.951
1.309
0.5730000000000001
0.07200000000000001
0.016
0.386
1.099
1.851
2.326
2.468
2.168
1.475
0.759
0.196
0.0
0.258
0.925
1.62
2.262
2.492
2.294
1.706
1.004
0.23
0.008
0.187
0.732
1.407
2.1
2.468
2.3970000000000002
1.915
1.089
0.432
0.054
0.062
0.53
1.288
2.049
2.461
2.432
1.971
1.312
0.601
0.064
0.001
0.451
1.075
1.8840000000000001
2.337
2.491
2.142
1.5190000000000001
0.708
0.16
0.004
0.305
0.917
1.6360000000000001
2.281
2.494
2.236
1.61
0.8250000000000001
0.20600000000000002
0.0
0.21
0.748
1.473
2.168
2.505
2.357
1.839
1.052
0.418
0.018000000000000002
0.121
0.582
1.3880000000000001
2.015
2.452
2.406
1.921
1.233
0.514
0.035
0.067
0.46900000000000003
1.224
1.965
2.39
2.447
2.048
1.4040000000000001
0.619
0.12
0.002
0.378
0.969
1.736
2.307
2.497
2.176
1.5030000000000001
0.805
0.225
0.0
0.22
0.898
1.631
2.229
2.504
2.245
1.72
0.891
0.306
0.0
0.152
0.796
1.46
2.162
2.497
2.344
1.76
1.0190000000000001
0.369
0.029
0.11800000000000001
0.618
1.3960000000000001
2.049
2.473
2.39
1.9180000000000001
1.216
0.435
0.056
0.029
0.516
1.22
1.865
2.368
2.454
2.106
1.349
0.68
0.14200000000000002
0.016
0.295
1.0210000000000001
1.784
2.308
2.503
2.245
1.579
0.881
0.199
0.004
0.224
0.769
1.56
2.1470000000000002
2.503
2.332
1.7750000000000001
0.995
0.332
0.014
0.12
0.643
1.333
2.087
2.478
2.407
1.951
1.248
0.537
0.047
0.045
0.453
1.125
1.897
2.386
2.481
2.039
1.3900000000000001
0.674
0.165
0.024
0.303
0.964
1.754
2.281
2.474
2.2520000000000002
1.586
0.865
0.194
0.004
0.22
0.8260000000000001
1.609
2.1710000000000003
2.503
2.312
1.712
0.988
0.364
0.0
0.148
0.714
1.3960000000000001
2.1
2.453
2.348
1.836
1.067
0.402
0.029
0.08700000000000001
0.63
1.296
2.057
2.455
2.422
1.936
1.212
0.508
0.048
0.04
0.498
1.262
1.947
2.41
2.432
2.062
1.272
0.558
0.08700000000000001
0.051000000000000004
0.402
1.099
1.822
2.374
2.474
2.112
1.357
0.618
0.107
0.015
0.319
1.004
1.727
2.328
2.5
2.208
1.493
0.727
0.182
0.0
0.25
0.914
1.7
2.297
2.503
2.165
1.585
0.78
0.225
0.0
0.224
0.877
1.643
2.243
2.5100000000000002
2.281
1.629
0.907
0.28200000000000003
0.0
0.178
0.791
1.481
2.205
2.487
2.338
1.799
0.9380000000000001
0.326
0.013000000000000001
0.168
0.7000000000000001
1.421
2.089
2.461
2.39
1.843
1.108
0.37
0.016
0.107
0.608
1.324
2.999
2.461
2.411
1.919
1.19
0.511
0.043000000000000003
0.042
0.52
1.299
2.021
2.431
2.44
2.007
1.223
0.539
0.047
0.061
0.423
1.197
1.909
2.382
2.438
2.105
1.353
0.629
0.09
0.016
0.377
1.088
1.784
2.319
2.474
2.141
1.452
0.755
0.194
0.0
0.338
0.909
1.686
2.2680000000000002
2.508
2.2520000000000002
1.601
0.863
0.191
0.0
0.261
0.81
1.6600000000000001
2.234
2.489
2.2920000000000003
1.675
0.964
0.23
0.004
0.214
0.766
1.598
2.195
2.5
2.323
1.7630000000000001
0.968
0.323
0.017
0.136
0.711
1.401
2.186
2.457
2.365
1.881
1.064
0.425
0.023
0.082
0.629
1.282
2.036
2.442
2.42
2.0020000000000002
1.233
0.51
0.07200000000000001
0.064
0.405
1.172
1.875
2.395
2.476
2.1
1.427
0.6930000000000001
0.124
0.012
0.337
1.03
1.899
2.316
2.494
2.224
1.51
0.8210000000000001
0.232
0.0
0.262
0.801
1.6
2.254
2.473
2.319
1.725
0.99
0.304
0.0
0.154
0.674
1.43
2.168
2.457
2.3890000000000002
1.957
1.162
0.49
0.065
0.045
0.551
1.223
1.978
2.408
2.45
2.007
1.331
0.635
0.07
0.033
0.373
1.1380000000000001
1.872
2.384
2.46
2.16
1.452
0.706
0.10300000000000001
0.024
0.34800000000000003
1.0090000000000001
1.731
2.32
2.503
2.213
1.612
0.8260000000000001
0.249
0.001
0.249
0.801
1.617
2.222
2.497
2.343
1.747
1.022
0.337
0.0
0.12
0.662
1.442
2.076
2.467
2.325
1.873
1.206
0.41300000000000003
0.03
0.043000000000000003
0.519
1.214
1.971
2.426
2.458
2.021
1.336
0.617
0.077
0.025
0.40900000000000003
1.149
1.826
2.365
2.489
2.112
1.486
0.676
0.152
0.0
0.278
0.9530000000000001
1.6620000000000001
2.298
2.508
2.283
1.6380000000000001
0.901
0.248
0.006
0.17200000000000001
0.708
1.491
2.116
2.47
2.36
1.816
1.106
0.47000000000000003
0.029
0.038
0.554
1.204
1.933
2.411
2.453
2.021
1.33
0.609
0.15
0.012
0.366
0.92
1.746
2.291
2.5
2.21
1.681
0.8310000000000001
0.274
0.004
0.178
0.757
1.586
2.168
2.482
2.355
1.804
1.084
0.426
0.0
0.08600000000000001
0.557
1.349
1.959
2.4210000000000003
2.437
2.0420000000000003
1.2610000000000001
0.5720000000000001
0.116
0.022
0.39
1.129
1.989
2.37
2.474
2.158
1.451
0.743
0.101
0.006
0.302
0.879
1.672
2.2600000000000002
2.479
2.2600000000000002
1.724
0.894
0.28700000000000003
0.004
0.17400000000000002
0.723
1.577
2.183
2.461
2.324
1.806
1.006
0.39
0.008
0.101
0.642
1.364
2.104
2.436
2.41
1.934
1.12
0.41300000000000003
0.027
0.062
0.532
1.22
1.952
2.41
2.442
2.028
1.301
0.549
0.078
0.036000000000000004
0.443
1.156
1.834
2.378
2.471
2.145
1.435
0.716
0.163
0.013000000000000001
0.34400000000000003
0.863
1.689
2.2520000000000002
2.494
2.291
1.675
0.004
0.276
0.004
0.14300000000000002
0.718
1.412
2.123
2.492
2.416
1.913
1.226
0.46
0.078
0.049
0.493
1.177
1.949
2.423
2.467
2.079
1.3900000000000001
0.684
0.169
0.016
0.323
1.006
1.668
2.287
2.489
2.149
1.592
0.893
0.27
0.0
0.186
0.788
1.5230000000000001
2.202
2.468
2.342
1.727
1.008
0.356
0.027
0.109
0.672
1.335
2.087
2.44
2.438
2.036
1.281
0.522
0.091
0.029
0.40900000000000003
1.088
1.77
2.368
2.474
2.113
1.556
0.734
0.187
0.001
0.273
0.894
1.647
2.263
2.494
2.274
1.643
0.933
0.299
0.0
0.136
0.669
1.456
2.1350000000000002
2.457
2.375
1.863
1.069
0.425
0.028
0.099
0.497
1.2590000000000001
1.955
2.455
2.449
2.039
1.349
0.585
0.11800000000000001
0.01
0.371
1.086
1.844
2.349
2.479
2.17
1.524
0.8260000000000001
0.162
0.001
0.216
0.856
1.622
2.229
2.489
2.2760000000000002
1.698
0.963
0.322
0.001
0.145
0.68
1.473
2.086
2.476
2.384
1.913
1.182
0.406
0.054
0.058
0.483
1.241
1.992
2.41
2.46
2.012
1.339
0.558
0.005
0.021
0.373
1.035
1.7890000000000001
2.374
2.481
2.126
1.475
0.759
0.155
0.0
0.281
0.918
1.639
2.286
2.5
2.263
1.625
0.961
0.271
0.0
0.183
0.6970000000000001
1.486
2.134
2.473
2.339
1.776
1.094
0.41000000000000003
0.031
0.184
0.558
1.329
2.033
2.423
2.426
2.025
1.249
0.592
0.10300000000000001
0.04
0.439
1.133
1.867
2.367
2.476
2.109
1.5190000000000001
0.712
0.2
0.006
0.28400000000000003
0.961
1.623
2.257
2.489
2.22
1.706
0.878
0.273
0.0
0.158
0.6880000000000001
1.478
2.092
2.46
2.357
1.873
1.094
0.423
0.023
0.078
0.518
1.23
1.95
2.42
2.458
2.068
1.409
0.587
0.124
0.02
0.336
1.0030000000000001
1.744
2.347
2.503
2.213
1.58
0.885
0.20800000000000002
0.0
0.193
0.752
1.552
2.197
2.484
2.339
1.847
1.066
0.402
0.016
0.094
0.5720000000000001
1.324
2.955
2.439
2.42
1.975
1.319
0.521
0.084
0.022
0.434
1.133
1.813
2.347
2.488
2.1510000000000002
1.566
0.787
0.215
0.0
0.226
0.909
1.567
2.203
2.478
2.312
1.699
1.032
0.37
0.0
0.109
0.679
1.344
2.092
2.424
2.399
1.941
1.1340000000000001
0.452
0.046
0.049
0.521
1.191
1.93
2.4090000000000003
2.473
2.118
1.425
0.705
0.162
0.0
0.341
0.918
1.748
2.312
2.497
2.228
1.665
0.9400000000000001
0.266
0.0
0.211
0.747
1.5070000000000001
2.125
2.479
2.34
1.863
1.061
0.41300000000000003
0.024
0.077
0.47100000000000003
1.21
1.911
2.4050000000000002
2.449
2.044
1.338
0.637
0.093
0.0
0.395
1.047
1.7650000000000001
2.357
2.468
2.1430000000000002
1.578
0.769
0.20600000000000002
0.0
0.23700000000000002
0.864
1.56
2.213
2.492
2.316
1.702
1.008
0.28600000000000003
0.003
0.113
0.604
1.3760000000000001
2.09
2.449
2.428
1.928
1.262
0.555
0.059000000000000004
0.01
0.452
1.175
1.834
2.3970000000000002
2.473
2.165
1.453
0.716
0.125
0.0
0.304
0.905
1.603
2.259
2.503
2.274
1.643
0.888
0.297
0.029
0.152
0.663
1.437
2.067
2.478
2.407
1.915
1.22
0.542
0.064
0.03
0.428
1.159
1.827
2.373
2.479
2.087
1.472
0.65
0.17
0.0
0.251
0.9590000000000001
1.649
2.229
2.505
2.2720000000000002
1.733
0.9490000000000001
0.297
0.0
0.121
0.672
1.399
2.158
2.468
2.384
1.921
1.133
0.501
0.041
0.034
0.47300000000000003
1.127
1.848
2.379
2.447
2.156
1.435
0.727
0.194
0.003
0.262
0.93
1.643
2.273
2.5100000000000002
2.249
1.6620000000000001
0.963
0.275
0.023
0.16
0.743
1.425
2.141
2.491
2.365
1.808
1.145
0.436
0.0
0.052000000000000005
0.547
1.311
1.959
2.4210000000000003
2.436
1.969
1.317
0.641
0.099
0.004
0.372
0.9580000000000001
1.815
2.336
2.495
2.222
1.522
0.8310000000000001
0.224
0.004
0.25
0.797
1.557
2.295
2.512
2.307
1.7590000000000001
0.9540000000000001
0.297
0.0
0.135
0.715
1.446
2.15
2.487
2.365
1.938
1.133
0.47600000000000003
0.04
0.076
0.556
1.2690000000000001
1.987
2.452
2.436
1.073
1.334
0.601
0.11900000000000001
0.026000000000000002
0.405
1.077
1.841
2.368
2.487
2.174
1.417
0.712
0.124
0.003
0.303
0.972
1.715
2.332
2.5100000000000002
2.201
1.604
0.81
0.22
0.0
0.243
0.848
1.645
2.191
2.483
2.241
1.688
1.0030000000000001
0.281
0.0
0.151
0.638
1.436
2.081
2.468
2.3890000000000002
1.893
1.178
0.421
0.038
0.068
0.504
1.231
1.991
2.423
2.436
2.0220000000000002
1.216
0.557
0.109
0.011
0.47200000000000003
1.074
1.841
2.353
2.5
2.165
1.448
0.748
0.199
0.0
0.249
0.889
1.6420000000000001
2.215
2.489
2.241
1.688
0.992
0.27
0.0
0.132
0.718
1.373
2.086
2.458
2.32
1.928
1.172
0.493
0.04
0.03
0.543
1.182
1.969
2.384
2.449
2.057
1.374
0.673
0.11
0.001
0.386
1.002
1.801
2.313
2.505
2.211
1.556
0.747
0.176
0.0
0.27
0.928
1.6360000000000001
2.228
2.481
2.299
1.736
0.936
0.28600000000000003
0.01
0.15
0.6940000000000001
1.456
2.165
2.477
2.366
1.828
1.1460000000000001
0.376
0.012
0.058
0.514
1.264
2.0180000000000002
2.439
2.4090000000000003
1.039
1.249
0.5650000000000001
0.08
0.054
0.405
1.154
1.854
2.455
2.486
2.0340000000000003
1.423
0.716
0.124
0.01
0.324
1.0230000000000001
1.772
2.294
2.493
2.245
1.543
0.877
0.218
0.0
0.28500000000000003
0.786
1.56
2.229
2.478
2.331
1.74
0.042
0.291
0.001
0.166
0.7010000000000001
1.454
2.129
2.45
2.382
1.828
1.154
0.46900000000000003
0.064
0.051000000000000004
0.511
1.2590000000000001
1.8840000000000001
2.4010000000000002
2.481
2.075
1.416
0.734
0.166
0.0
0.279
0.887
1.722
2.265
2.5
2.294
1.637
0.9450000000000001
0.292
0.001
0.159
0.719
1.436
2.086
2.473
2.353
1.949
1.143
0.47000000000000003
0.039
0.061
0.485
1.234
1.897
2.394
2.466
2.129
1.421
0.648
0.124
0.0
0.294
0.917
1.701
2.294
2.507
2.242
1.715
0.889
0.269
0.0
0.152
0.648
1.414
2.07
2.449
2.403
1.948
1.162
0.491
0.058
0.045
0.417
1.149
1.8920000000000001
2.375
2.484
2.154
1.436
0.749
0.191
0.0
0.251
0.899
1.6640000000000001
2.212
2.503
2.33
1.774
0.062
0.396
0.0
0.07200000000000001
0.601
1.243