
4.7700000000000005
0.721
1.778
0.6900000000000001
1.793
0.671
1.7910000000000001
0.667
1.807
0.641
1.83
0.639
1.845
0.625
1.8800000000000001
0.618
1.8840000000000001
0.592
1.8920000000000001
0.589
1.944
0.579
1.947
0.542
1.948
0.506
1.976
0.511
1.978
0.518
1.01
0.47800000000000004
2.0020000000000002
0.46900000000000003
2.0260000000000002
0.445
2.029
0.448
2.033
0.442
2.0460000000000003
0.398
2.055
0.401
2.105
0.387
2.108
0.365
2.089
0.393
2.099
0.354
2.142
0.321
2.129
0.352
2.157
0.322
2.1750000000000003
0.3
2.162
0.318
2.179
0.289
2.205
0.29
2.2
0.254
2.199
0.273
2.226
0.253
2.238
0.23800000000000002
2.249
0.224
2.2720000000000002
0.216
2.278
0.215
2.291
0.278
2.3000000000000003
0.195
2.295
0.176
2.313
0.184
2.321
0.17500000000000002
2.328
0.166
2.341
0.14300000000000002
2.349
0.14400000000000002
2.326
0.138
2.36
0.124
2.368
0.11900000000000001
2.374
0.187
2.36
0.117
2.378
0.12
2.395
0.10400000000000001
2.3970000000000002
0.078
2.3890000000000002
0.099
2.394
0.068
2.403
0.077
2.407
0.059000000000000004
2.4290000000000003
0.063
2.416
0.068
2.442
0.06
2.455
0.06
2.452
0.029
2.457
0.018000000000000002
2.442
0.036000000000000004
2.436
0.02
2.487
0.012
2.465
0.012
2.461
0.021
2.455
0.027
2.481
0.003
2.497
0.016
2.484
0.0
2.469
0.0
2.471
0.0
2.474
0.0
2.476
0.0
2.481
0.011
2.486
0.0
2.472
0.0
2.507
0.0
2.492
0.0
2.5
0.0
2.482
0.0
2.492
0.011
2.5
0.006
2.488
0.0
2.49
0.0
2.461
0.0
2.481
0.029
2.474
0.0
2.482
0.019
2.474
0.016
2.458
0.025
2.481
0.017
2.449
0.041
2.466
0.041
2.453
0.029
2.457
0.029
2.423
0.022
2.447
0.08
2.439
0.044
2.43
0.066
2.411
0.062
2.4
0.06
2.416
0.003
2.386
0.095
2.386
0.078
2.363
0.10300000000000001
2.387
0.195
2.365
0.107
2.369
0.128
2.387
0.14100000000000001
2.334
0.162
2.324
0.154
2.3000000000000003
0.17400000000000002
2.303
0.161
2.307
0.199
2.287
0.20400000000000001
2.287
0.202
2.2840000000000003
0.228
2.271
0.229
2.2600000000000002
0.28300000000000003
2.228
0.258
2.253
0.266
2.221
0.274
2.286
0.275
2.191
0.306
2.199
0.292
2.17
0.313
2.179
0.301
2.158
0.333
2.1550000000000002
0.364
2.15
0.34400000000000003
2.154
0.369
2.126
0.377
2.105
0.38
2.11
0.396
2.125
0.40700000000000003
2.079
0.44
2.071
0.432
2.051
0.46900000000000003
2.0300000000000002
0.47700000000000004
2.0100000000000002
0.47500000000000003
2.005
0.47300000000000003
1.999
0.503
1.981
0.506
1.986
0.527
1.978
0.539
1.9140000000000001
0.535
1.921
0.5760000000000001
1.8920000000000001
0.592
1.8840000000000001
0.581
1.875
0.621
1.87
0.623
1.84
0.65
1.822
0.675
1.833
0.656
1.797
0.6950000000000001
1.754
0.72
1.7810000000000001
0.735
1.739
0.748
1.73
0.768
1.733
0.771
1.717
0.796
1.702
0.811
1.69
0.811
1.639
0.842
1.609
0.851
1.6360000000000001
0.873
1.596
0.872
1.572
0.907
1.556
0.937
1.546
0.903
1.5310000000000001
0.9580000000000001
1.494
0.9580000000000001
1.497
1.0
1.469
1.028
1.438
1.059
1.473
1.073
1.416
1.069
1.488
1.099
1.397
1.12
1.3900000000000001
1.1320000000000001
1.338
1.149
1.333
1.183
1.326
1.185
1.291
1.159
1.286
1.219
1.2530000000000001
1.248
1.2510000000000001
1.2770000000000001
1.228
1.285
1.206
1.298
1.211
1.311
1.18
1.331
1.1400000000000001
1.303
1.133
1.34
1.135
1.366
1.117
1.3840000000000001
1.085
1.301
1.083
1.422
1.064
1.436
1.0170000000000001
1.457
1.012
1.47
0.983
1.486
0.979
1.502
0.9530000000000001
1.557
0.963
1.549
0.901
1.584
0.871
1.5070000000000001
0.866
1.604
0.863
1.6300000000000001
0.8290000000000001
1.633
0.8200000000000001
1.643
0.788
1.6640000000000001
0.791
1.707
0.79
1.694
0.758
1.722
0.739
1.7630000000000001
0.743
1.75
0.72
1.762
0.677
1.78
0.7030000000000001
1.803
0.658
1.7510000000000001
0.651
1.842
0.634
1.862
0.622
1.883
0.623
1.8840000000000001
0.593
1.828
0.6900000000000001
1.891
0.553
1.9120000000000001
0.56
1.949
0.549
1.983
0.541
1.998
0.49
2.0260000000000002
0.468
1.989
0.461
2.0420000000000003
0.439
2.044
0.453
2.036
0.42
2.049
0.419
2.086
0.423
2.007
0.398
2.105
0.383
2.1270000000000002
0.34900000000000003
2.144
0.34800000000000003
2.137
0.338
2.1710000000000003
0.315
2.156
0.39
2.169
0.29
2.199
0.294
2.239
0.272
2.212
0.249
2.238
0.256
2.241
0.258
2.244
0.20800000000000002
2.287
0.197
2.266
0.20400000000000001
2.283
0.20700000000000002
2.334
0.161
2.324
0.14100000000000001
2.328
0.151
2.336
0.133
2.345
0.138
2.363
0.14300000000000002
2.339
0.10400000000000001
2.358
0.091
2.384
0.10300000000000001
2.387
0.10400000000000001
2.367
0.088
2.398
0.10300000000000001
2.392
0.08600000000000001
2.395
0.093
2.407
0.061
2.4290000000000003
0.037
2.434
0.052000000000000005
2.412
0.055
2.455
0.055
2.431
0.035
2.465
0.041
2.471
0.026000000000000002
2.461
0.026000000000000002
2.442
0.033
2.468
0.011
2.455
0.015
2.436
0.0
2.474
0.006
2.477
0.023
2.465
0.007
2.507
0.013000000000000001
2.471
0.0
2.478
0.0
2.486
0.019
2.507
0.006
2.489
0.009000000000000001
2.494
0.0
2.482
0.0
2.489
0.0
2.487
0.006
2.501
0.003
2.5
0.004
2.5
0.0
2.482
0.0
2.49
0.0
2.492
0.008
2.474
0.01
2.481
0.0
2.487
0.0
2.5020000000000002
0.0
2.492
0.0
2.489
0.027
2.494
0.008
2.46
0.001
2.481
0.025
2.461
0.019
2.452
0.041
2.436
0.022
2.437
0.035
2.452
0.032
2.4250000000000003
0.054
2.44
0.033
2.43
0.077
2.431
0.054
2.407
0.084
2.39
0.078
2.382
0.07200000000000001
2.39
0.108
2.392
0.12
2.384
0.11900000000000001
2.365
0.123
2.379
0.12
2.357
0.146
2.333
0.156
2.344
0.158
2.339
0.149
2.312
0.187
2.323
0.189
2.271
0.195
2.273
0.189
2.279
0.209
2.265
0.215
2.2600000000000002
0.24
2.247
0.254
2.216
0.263
2.215
0.278
2.191
0.28500000000000003
2.176
0.28600000000000003
2.195
0.311
2.1710000000000003
0.328
2.1470000000000002
0.328
2.12
0.34500000000000003
2.128
0.34600000000000003
2.113
0.354
2.102
0.377
2.107
0.399
2.084
0.432
2.052
0.454
2.063
0.446
2.031
0.488
1.997
0.497
2.084
0.486
1.974
0.518
1.942
0.512
1.949
0.552
1.952
0.5650000000000001
1.994
0.58
1.899
0.589
1.869
0.617
1.862
0.621
1.863
0.638
1.822
0.652
1.826
0.663
1.8
0.6880000000000001
1.797
0.711
1.7770000000000001
0.721
1.7750000000000001
0.717
1.762
0.772
1.737
0.752
1.684
0.77
1.707
0.772
1.6620000000000001
0.811
1.641
0.846
1.651
0.862
1.607
0.893
1.594
0.897
1.563
0.915
1.568
0.9530000000000001
1.5350000000000001
0.934
1.5330000000000001
0.988
1.506
1.0030000000000001
1.486
1.004
1.467
1.016
1.451
1.039
1.438
1.062
1.427
1.055
1.383
1.091
1.374
1.127
1.3760000000000001
1.1380000000000001
1.349
1.175
1.317
1.185
1.312
1.164
1.295
1.23
1.2590000000000001
1.241
1.256
1.2710000000000001
1.236
1.2750000000000001
1.225
1.28
1.182
1.282
1.199
1.317
1.162
1.331
1.116
1.354
1.103
1.356
1.129
1.401
1.082
1.403
1.07
1.427
1.061
1.449
1.024
1.432
1.0090000000000001
1.496
0.985
1.514
0.975
1.514
0.921
1.552
0.929
1.549
0.9
1.578
0.895
1.595
0.8320000000000001
1.601
0.866
1.635
0.8220000000000001
1.6620000000000001
0.8200000000000001
1.6640000000000001
0.784
1.709
0.773
1.719
0.742
1.7550000000000001
0.723
1.746
0.726
1.801
0.706
1.812
0.672
1.823
0.658
1.854
0.647
1.848
0.619
1.891
0.61
1.821
0.5640000000000001
1.8980000000000001
0.5640000000000001
1.941
0.539
1.952
0.54
1.959
0.51
2.007
0.506
1.994
0.468
2.017
0.46
2.0420000000000003
0.439
2.049
0.43
2.06
0.431
2.063
0.40800000000000003
2.088
0.397
2.075
0.388
2.112
0.34
2.137
0.336
2.137
0.31
2.152
0.326
2.165
0.306
2.17
0.28500000000000003
2.195
0.274
2.209
0.266
2.213
0.259
2.265
0.226
2.241
0.222
2.248
0.234
2.243
0.196
2.2600000000000002
0.218
2.297
0.203
2.313
0.20600000000000002
2.307
0.177
2.324
0.18
2.328
0.166
2.332
0.124
2.365
0.128
2.342
0.116
2.3890000000000002
0.136
2.399
0.096
2.378
0.105
2.4
0.098
2.3000000000000003
0.07100000000000001
2.445
0.083
2.42
0.077
2.4130000000000003
0.07
2.423
0.046
2.439
0.062
2.445
0.034
2.478
0.027
2.467
0.034
2.458
0.006
2.474
0.025
2.481
0.0
2.484
0.004
2.464
0.02
2.494
0.0
2.449
0.0
2.49
0.003
2.498
0.022
2.478
0.003
2.489
0.0
2.489
0.0
2.494
0.0
2.482
0.006
2.494
0.0
2.507
0.005
2.476
0.0
2.474
0.0
2.473
0.0
2.49
0.011
2.468
0.0
2.468
0.0
2.48
0.004
2.469
0.0
2.455
0.0
2.453
0.024
2.478
0.012
2.474
0.013000000000000001
2.483
0.038
2.452
0.036000000000000004
2.472
0.035
2.428
0.045
2.449
0.044
2.453
0.07200000000000001
2.4290000000000003
0.07100000000000001
2.432
0.077
2.423
0.054
2.488
0.055
2.3890000000000002
0.084
2.38
0.078
2.39
0.088
2.395
0.083
2.358
0.128
2.363
0.135
2.355
0.116
2.358
0.125
2.346
0.167
2.312
0.17
2.287
0.149
2.307
0.163
2.2920000000000003
0.17500000000000002
2.291
0.195
2.263
0.193
2.271
0.23500000000000001
2.257
0.229
2.237
0.249
2.249
0.246
2.233
0.267
2.229
0.273
2.22
0.278
2.2
0.28200000000000003
2.179
0.298
2.16
0.333
2.1430000000000002
0.323
2.141
0.325
2.152
0.323
2.121
0.362
2.103
0.35100000000000003
2.087
0.373
2.072
0.388
2.073
0.40700000000000003
2.049
0.43
2.054
0.444
2.047
0.433
2.005
0.47700000000000004
2.008
0.47700000000000004
1.984
0.46900000000000003
1.977
0.502
1.973
0.527
1.96
0.505
1.967
0.529
1.928
0.55
1.936
0.5640000000000001
1.9180000000000001
0.582
1.891
0.618
1.8800000000000001
0.61
1.846
0.647
1.833
0.652
1.836
0.677
1.797
0.6890000000000001
1.862
0.6920000000000001
1.752
0.729
1.772
0.758
1.704
0.751
1.718
0.755
1.704
0.788
1.676
0.8250000000000001
1.668
0.805
1.659
0.846
1.629
0.855
1.619
0.883
1.6460000000000001
0.862
1.593
0.93
1.57
0.93
1.554
0.969
1.5150000000000001
0.9580000000000001
1.5090000000000001
0.969
1.484
0.979
1.49
0.992
1.473
1.025
1.443
1.05
1.461
1.054
1.399
1.083
1.4060000000000001
1.08
1.411
1.1
1.374
1.1
1.335
1.129
1.311
1.137
1.322
1.165
1.2610000000000001
1.12
1.278
1.216
1.296
1.23
1.247
1.241
1.256
1.2590000000000001
1.225
1.2750000000000001
1.187
1.2610000000000001
1.196
1.288
1.164
1.303
1.157
1.328
1.153
1.372
1.137
1.3860000000000001
1.1260000000000001
1.407
1.081
1.403
1.101
1.413
1.082
1.457
1.016
1.449
1.004
1.463
1.998
1.466
0.987
1.512
0.9500000000000001
1.493
0.9410000000000001
1.512
0.9420000000000001
1.549
0.925
1.569
0.896
1.584
0.901
1.572
0.876
1.633
0.886
1.6280000000000001
0.8300000000000001
1.643
0.848
1.668
0.798
1.694
0.774
1.688
0.803
1.72
0.759
1.712
0.734
1.726
0.724
1.7530000000000001
0.727
1.76
0.7030000000000001
1.768
0.659
1.782
0.668
1.805
0.65
1.868
0.633
1.839
0.624
1.859
0.638
1.871
0.614
1.907
0.591
1.899
0.579
1.8960000000000001
0.54
1.95
0.535
1.958
0.516
1.958
0.538
1.968
0.514
1.968
0.508
2.004
0.46900000000000003
1.988
0.485
2.028
0.454
2.0260000000000002
0.456
2.028
0.428
2.07
0.41400000000000003
2.063
0.41000000000000003
2.058
0.406
2.09
0.372
2.078
0.372
2.104
0.372
2.125
0.36
2.114
0.343
2.144
0.34800000000000003
2.142
0.318
2.179
0.318
2.16
0.321
2.1750000000000003
0.304
2.204
0.293
2.213
0.277
2.22
0.263
2.233
0.268
2.241
0.249
2.266
0.212
2.274
0.223
2.287
0.187
2.3000000000000003
0.20600000000000002
2.295
0.186
2.32
0.151
2.31
0.153
2.352
0.168
2.32
0.149
2.355
0.124
2.357
0.138
2.361
0.124
2.363
0.114
2.379
0.091
2.39
0.17400000000000002
2.3850000000000002
0.1
2.403
0.067
2.422
0.079
2.4130000000000003
0.048
2.4050000000000002
0.06
2.424
0.039
2.441
0.056
2.442
0.045
2.452
0.026000000000000002
2.447
0.042
2.45
0.022
2.449
0.02
2.461
0.025
2.471
0.026000000000000002
2.46
0.018000000000000002
2.458
0.013000000000000001
2.476
0.018000000000000002
2.49
0.012
2.486
0.008
2.49
0.015
2.496
0.0
2.468
0.006
2.494
0.0
2.5060000000000002
0.0
2.5
0.0
2.486
0.0
2.49
0.0
2.486
0.005
2.478
0.002
2.492
0.014
2.498
0.0
2.474
0.0
2.508
0.0
2.486
0.0
2.487
0.0
2.49
0.0
2.474
0.0
2.478
0.0
2.465
0.011
2.487
0.024
2.466
0.006
2.478
0.016
2.458
0.012
2.478
0.035
2.466
0.016
2.466
0.035
2.445
0.041
2.432
0.02
2.437
0.046
2.452
0.027
2.432
0.033
2.418
0.06
2.442
0.053
2.423
0.067
2.438
0.057
2.416
0.078
2.394
0.096
2.403
0.093
2.411
0.083
2.37
0.106
2.387
0.007
2.354
0.129
2.342
0.158
2.34
0.157
2.35
0.148
2.343
0.155
2.297
0.186
2.307
0.178
2.291
0.212
2.2920000000000003
0.22
2.289
0.21
2.2920000000000003
0.217
2.233
0.23
2.233
0.257
2.229
0.273
2.226
0.29
2.23
0.281
2.204
0.29
2.201
0.28300000000000003
2.183
0.315
2.183
0.29
2.16
0.359
2.126
0.354
2.152
0.353
2.158
0.373
2.12
0.367
2.104
0.386
2.091
0.381
2.097
0.428
2.078
0.421
2.066
0.435
2.041
0.45
2.033
0.42
2.099
0.454
2.029
0.457
2.019
0.458
2.015
0.501
2.0060000000000002
0.49
1.971
0.514
1.98
0.53
1.961
0.534
1.95
0.5680000000000001
1.933
0.5630000000000001
1.933
0.5660000000000001
1.9040000000000001
0.5760000000000001
1.8840000000000001
0.612
1.866
0.594
1.851
0.645
1.849
0.611
1.818
0.655
1.815
0.686
1.809
0.661
1.7630000000000001
0.6930000000000001
1.772
0.6930000000000001
1.764
0.735
1.78
0.74
1.739
0.763
1.726
0.792
1.762
0.79
1.6520000000000001
0.801
1.6360000000000001
0.833
1.6460000000000001
0.834
1.622
0.867
1.598
0.87
1.589
0.921
1.563
0.9460000000000001
1.5330000000000001
0.935
1.538
0.973
1.5070000000000001
0.985
1.452
1.004
1.463
1.049
1.423
1.055
1.3920000000000001
1.061
1.373
1.115
1.357
1.112
1.352
1.167
1.297
1.187
1.311
1.183
1.2750000000000001
1.222
1.268
1.254
1.248
1.285
1.245
1.294
1.2
1.304
1.175
1.356
1.143
1.358
1.115
1.375
1.113
1.415
1.046
1.441
1.03
1.459
1.016
1.5070000000000001
1.022
1.5070000000000001
0.988
1.5330000000000001
0.967
1.552
0.914
1.569
0.888
1.578
0.89
1.614
0.856
1.618
0.855
1.67
0.8130000000000001
1.693
0.792
1.713
0.757
1.718
0.755
1.728
0.721
1.768
0.6890000000000001
1.805
0.6890000000000001
1.834
0.667
1.851
0.653
1.867
0.618
1.865
0.581
1.891
0.613
1.938
0.559
1.933
0.538
1.963
0.523
1.988
0.493
2.005
0.47400000000000003
2.041
0.47100000000000003
2.036
0.43
2.054
0.439
2.076
0.40800000000000003
2.093
0.392
2.12
0.376
2.152
0.379
2.1350000000000002
0.336
2.134
0.324
2.158
0.298
2.184
0.307
2.204
0.257
2.229
0.26
2.229
0.252
2.23
0.246
2.242
0.199
2.263
0.19
2.299
0.215
2.281
0.163
2.29
0.186
2.32
0.17300000000000001
2.36
0.138
2.36
0.125
2.353
0.12
2.355
0.129
2.3810000000000002
0.108
2.361
0.095
2.39
0.111
2.378
0.0
2.386
0.077
2.414
0.056
2.4130000000000003
0.063
2.407
0.066
2.432
0.056
2.438
0.068
2.442
0.061
2.432
0.049
2.452
0.051000000000000004
2.4290000000000003
0.037
2.459
0.033
2.468
0.032
2.453
0.009000000000000001
2.47
0.023
2.49
0.001
2.481
0.033
2.49
0.0
2.487
0.011
2.471
0.016
2.493
0.0
2.483
0.0
2.498
0.0
2.473
0.0
2.497
0.0
2.494
0.004
2.484
0.002
2.507
0.0
2.5
0.0
2.496
0.0
2.474
0.0
2.495
0.004
2.487
0.007
2.497
0.002
2.481
0.0
2.473
0.0
2.498
0.0
2.49
0.001
2.498
0.012
2.471
0.0
2.492
0.016
2.468
0.003
2.486
0.009000000000000001
2.464
0.006
2.485
0.002
2.455
0.019
2.461
0.003
2.46
0.018000000000000002
2.47
0.025
2.461
0.016
2.451
0.037
2.469
0.033
2.44
0.02
2.436
0.042
2.432
0.061
2.42
0.062
2.423
0.058
2.44
0.067
2.407
0.066
2.423
0.058
2.4290000000000003
0.067
2.4210000000000003
0.062
2.4130000000000003
0.08700000000000001
2.382
0.10300000000000001
2.3970000000000002
0.078
2.358
0.112
2.373
0.113
2.32
0.128
2.343
0.131
2.34
0.149
2.318
0.146
2.348
0.163
2.31
0.17200000000000001
2.312
0.186
2.287
0.189
2.287
0.176
2.2680000000000002
0.195
2.274
0.233
2.266
0.196
2.255
0.226
2.25
0.257
2.2520000000000002
0.23
2.213
0.246
2.208
0.26
2.21
0.28700000000000003
2.189
0.304
2.196
0.305
2.161
0.324
2.166
0.319
2.1630000000000003
0.331
2.126
0.35100000000000003
2.125
0.369
2.108
0.388
2.106
0.323
2.118
0.398
2.073
0.406
2.036
0.455
2.029
0.449
2.036
0.486
2.013
0.488
1.991
0.506
1.986
0.513
1.955
0.53
1.936
0.54
1.959
0.537
1.9180000000000001
0.58
1.933
0.556
1.8960000000000001
0.578
1.8800000000000001
0.618
1.901
0.605
1.875
0.635
1.855
0.653
1.827
0.652
1.8
0.679
1.809
0.682
1.7830000000000001
0.711
1.772
0.6970000000000001
1.752
0.706
1.722
0.753
1.702
0.772
1.707
0.78
1.795
0.808
1.699
0.793
1.681
0.8190000000000001
1.659
0.8260000000000001
1.62
0.8210000000000001
1.6320000000000001
0.895
1.615
0.903
1.583
0.894
1.574
0.883
1.581
0.9410000000000001
1.562
0.967
1.548
0.9550000000000001
1.491
0.983
1.485
1.0090000000000001
1.5010000000000001
1.0030000000000001
1.478
1.054
1.441
1.048
1.411
1.062
1.4060000000000001
1.096
1.383
1.056
1.3860000000000001
1.151
1.364
1.122
1.345
1.174
1.33
1.154
1.298
1.188
1.2670000000000001
1.104
1.2710000000000001
1.217
1.262
1.2650000000000001
1.235
1.268
1.225
1.29
1.178
1.293
1.168
1.3
1.1380000000000001
1.311
1.139
1.343
1.104
1.339
1.1260000000000001
1.3780000000000001
1.102
1.417
1.067
1.416
1.067
1.448
1.044
1.44
1.025
1.454
1.01
1.484
0.9590000000000001
1.479
0.968
1.5330000000000001
0.963
1.565
0.9430000000000001
1.557
0.914
1.542
0.961
1.6
0.863
1.635
0.866
1.6300000000000001
0.8190000000000001
1.6480000000000001
0.881
1.659
0.811
1.679
0.766
1.716
0.779
1.739
0.735
1.743
0.716
1.772
0.714
1.804
0.684
1.823
0.679
1.805
0.661
1.823
0.627
1.836
0.624
1.86
0.618
1.8860000000000001
0.611
1.8960000000000001
0.5670000000000001
1.923
0.552
1.936
0.554
1.955
0.534
1.958
0.502
1.988
0.489
1.984
0.47000000000000003
2.0260000000000002
0.461
2.023
0.448
2.033
0.423
2.06
0.437
2.05
0.419
2.075
0.394
2.089
0.377
2.108
0.361
2.12
0.377
2.154
0.35100000000000003
2.109
0.34
2.1430000000000002
0.326
2.1550000000000002
0.313
2.168
0.28800000000000003
2.178
0.276
2.197
0.271
2.208
0.269
2.223
0.241
2.226
0.244
2.255
0.247
2.233
0.227
2.237
0.225
2.278
0.198
2.2680000000000002
0.194
2.291
0.197
2.3000000000000003
0.17400000000000002
2.278
0.20500000000000002
2.293
0.154
2.307
0.149
2.314
0.168
2.339
0.136
2.345
0.12
2.364
0.147
2.358
0.123
2.368
0.1
2.363
0.194
2.39
0.099
2.382
0.07200000000000001
2.4
0.08
2.412
0.09
2.416
0.062
2.4090000000000003
0.045
2.436
0.054
2.438
0.057
2.434
0.037
2.431
0.038
2.45
0.037
2.44
0.041
2.444
0.011
2.452
0.029
2.455
0.025
2.474
0.009000000000000001
2.465
0.006
2.478
0.0
2.461
0.013000000000000001
2.468
0.002
2.482
0.016
2.473
0.001
2.481
0.004
2.498
0.0
2.49
0.0
2.5
0.0
2.489
0.0
2.503
0.0
2.503
0.0
2.493
0.0
2.505
0.0
2.482
0.0
2.482
0.0
2.471
0.0
2.494
0.0
2.471
0.016
2.489
0.006
2.486
0.004
2.478
0.021
2.458
0.003
2.474
0.024
2.46
0.01
2.465
0.027
2.432
0.047
2.447
0.058
2.436
0.033
2.428
0.06
2.423
0.051000000000000004
2.422
0.084
2.41
0.083
2.3970000000000002
0.096
2.3970000000000002
0.07200000000000001
2.394
0.097
2.374
0.108
2.386
0.111
2.352
0.121
2.342
0.154
2.334
0.152
2.336
0.164
2.2920000000000003
0.186
2.324
0.183
2.316
0.182
2.3040000000000003
0.196
2.291
0.227
2.278
0.216
2.249
0.23600000000000002
2.2520000000000002
0.222
2.262
0.269
2.236
0.264
2.204
0.264
2.197
0.311
2.186
0.315
2.179
0.331
2.161
0.327
2.1630000000000003
0.34500000000000003
2.133
0.376
2.1550000000000002
0.394
2.078
0.40900000000000003
2.073
0.419
2.052
0.40900000000000003
2.067
0.432
2.0380000000000003
0.46900000000000003
2.013
0.459
2.009
0.485
1.984
0.503
2.0
0.513
1.973
0.532
1.966
0.55
1.917
0.585
1.891
0.552
1.8960000000000001
0.614
1.872
0.621
1.865
0.643
1.834
0.65
1.868
0.643
1.821
0.654
1.801
0.682
1.809
0.6910000000000001
1.784
0.705
1.762
0.71
1.754
0.774
1.707
0.78
1.717
0.711
1.712
0.8130000000000001
1.678
0.8
1.6640000000000001
0.8300000000000001
1.657
0.853
1.62
0.855
1.623
0.887
1.607
0.888
1.577
0.892
1.568
0.909
1.5150000000000001
0.927
1.5350000000000001
0.9580000000000001
1.506
0.962
1.472
0.983
1.494
1.002
1.475
1.057
1.436
1.06
1.428
1.073
1.401
1.062
1.403
1.096
1.399
1.108
1.352
1.122
1.34
1.131
1.301
1.166
1.31
1.158
1.304
1.197
1.383
1.217
1.241
1.201
1.266
1.239
1.241
1.236
1.201
1.2710000000000001
1.203
1.282
1.162
1.285
1.172
1.325
1.1460000000000001
1.319
1.103
1.345
1.108
1.393
1.1
1.415
1.107
1.415
1.073
1.456
1.04
1.487
1.029
1.494
1.0
1.514
0.9510000000000001
1.514
0.9480000000000001
1.554
0.936
1.565
0.911
1.562
0.921
1.62
0.88
1.614
0.842
1.6620000000000001
0.8270000000000001
1.635
0.803
1.672
0.8170000000000001
1.697
0.805
1.7
0.796
1.726
0.764
1.704
0.749
1.731
0.75
1.7550000000000001
0.713
1.7590000000000001
0.715
1.818
0.6950000000000001
1.822
0.656
1.841
0.638
1.814
0.654
1.863
0.602
1.87
0.622
1.8900000000000001
0.601
1.8860000000000001
0.588
1.901
0.5700000000000001
1.901
0.547
1.921
0.529
1.936
0.521
1.981
0.514
1.97
0.492
1.996
0.502
2.009
0.457
2.0460000000000003
0.435
2.058
0.435
2.0460000000000003
0.427
2.053
0.384
2.089
0.398
2.078
0.373
2.1
0.371
2.125
0.365
2.136
0.319
2.149
0.34500000000000003
2.162
0.34
2.157
0.319
2.166
0.326
2.186
0.295
2.199
0.273
2.195
0.251
2.216
0.241
2.234
0.23
2.241
0.253
2.273
0.2
2.278
0.272
2.274
0.19
2.294
0.17
2.315
0.164
2.336
0.156
2.324
0.169
2.326
0.145
2.371
0.124
2.337
0.11900000000000001
2.344
0.12
2.3890000000000002
0.114
2.368
0.10300000000000001
2.3890000000000002
0.11800000000000001
2.3930000000000002
0.085
2.408
0.079
2.418
0.052000000000000005
2.39
0.058
2.41
0.065
2.4130000000000003
0.041
2.428
0.043000000000000003
2.432
0.045
2.426
0.045
2.457
0.019
2.447
0.047
2.44
0.012
2.45
0.006
2.461
0.022
2.459
0.012
2.461
0.0
2.459
0.009000000000000001
2.494
0.011
2.471
0.0
2.478
0.0
2.487
0.015
2.48
0.0
2.472
0.018000000000000002
2.5
0.019
2.482
0.001
2.503
0.0
2.489
0.0
2.487
0.0
2.5020000000000002
0.0
2.483
0.0
2.503
0.0
2.5020000000000002
0.008
2.482
0.0
2.507
0.004
2.494
0.018000000000000002
2.505
0.006
2.484
0.013000000000000001
2.487
0.0
2.487
0.011
2.49
0.0
2.479
0.039
2.494
0.0
2.466
0.0
2.473
0.03
2.457
0.013000000000000001
2.481
0.015
2.474
0.008
2.456
0.013000000000000001
2.439
0.025
2.423
0.047
2.46
0.025
2.431
0.038
2.452
0.113
2.42
0.07
2.436
0.062
2.394
0.052000000000000005
2.4210000000000003
0.051000000000000004
2.4050000000000002
0.08700000000000001
2.394
0.078
2.3810000000000002
0.08600000000000001
2.368
0.115
2.376
0.10300000000000001
2.363
0.112
2.353
0.139
2.371
0.115
2.347
0.15
2.357
0.164
2.323
0.154
2.31
0.157
2.324
0.17400000000000002
2.32
0.171
2.286
0.20800000000000002
2.294
0.213
2.278
0.10300000000000001
2.289
0.201
2.273
0.245
2.235
0.24
2.25
0.254
2.229
0.259
2.22
0.273
2.22
0.28400000000000003
2.208
0.294
2.176
0.28
2.184
0.324
2.1750000000000003
0.331
2.1430000000000002
0.335
2.142
0.36
2.119
0.308
2.116
0.361
2.118
0.377
2.073
0.37
2.094
0.40800000000000003
2.091
0.402
2.057
0.424
2.055
0.423
2.013
0.44
2.023
0.488
1.991
0.47400000000000003
1.999
0.511
1.965
0.494
1.947
0.537
1.967
0.552
1.915
0.558
1.9000000000000001
0.55
1.92
0.557
1.901
0.612
1.875
0.627
1.833
0.626
1.842
0.655
1.807
0.654
1.838
0.664
1.7830000000000001
0.6900000000000001
1.7670000000000001
0.6980000000000001
1.778
0.717
1.743
0.734
1.733
0.771
1.739
0.766
1.705
0.785
1.706
0.791
1.688
0.841
1.6360000000000001
0.833
1.6440000000000001
0.85
1.617
0.875
1.581
0.889
1.562
0.909
1.567
0.901
1.539
0.96
1.538
0.9580000000000001
1.506
1.006
1.481
0.98
1.459
1.024
1.446
1.035
1.4060000000000001
1.065
1.3880000000000001
1.079
1.3840000000000001
1.095
1.365
1.114
1.336
1.1360000000000001
1.336
1.168
1.322
1.17
1.298
1.172
1.248
1.222
1.232
1.213
1.214
1.233
1.2
1.301
1.227
1.314
1.156
1.327
1.154
1.34
1.114
1.362
1.098
1.3880000000000001
1.059
1.3780000000000001
1.042
1.432
1.054
1.45
1.036
1.457
1.984
1.473
0.984
1.5230000000000001
0.977
1.52
0.914
1.556
0.917
1.598
0.901
1.612
0.898
1.6460000000000001
0.84
1.6360000000000001
0.867
1.6640000000000001
0.839
1.681
0.811
1.688
0.788
1.709
0.789
1.712
0.75
1.752
0.732
1.772
0.6980000000000001
1.7
0.7010000000000001
1.813
0.68
1.83
0.655
1.842
0.65
1.863
0.637
1.8920000000000001
0.622
1.8920000000000001
0.587
1.907
0.559
1.923
0.538
1.921
0.523
1.933
0.515
1.93
0.485
1.997
0.484
1.999
0.47700000000000004
1.991
0.433
2.0180000000000002
0.439
2.066
0.42
2.063
0.384
2.063
0.404
2.098
0.381
2.116
0.361
2.128
0.34
2.134
0.34900000000000003
2.1710000000000003
0.321
2.158
0.319
2.164
0.294
2.195
0.311
2.192
0.271
2.224
0.278
2.233
0.257
2.221
0.243
2.244
0.249
2.23
0.211
2.2680000000000002
0.201
2.257
0.218
2.286
0.182
2.291
0.161
2.313
0.167
2.326
0.16
2.318
0.139
2.326
0.124
2.365
0.12
2.365
0.128
2.378
0.116
2.355
0.112
2.382
0.083
2.378
0.091
2.4
0.078
2.378
0.066
2.428
0.066
2.403
0.069
2.4290000000000003
0.038
2.439
0.045
2.4210000000000003
0.058
2.4050000000000002
0.032
2.436
0.053
2.461
0.037
2.508
0.042
2.469
0.041
2.478
0.014
2.468
0.039
2.473
0.0
2.469
0.01
2.469
0.017
2.487
0.012
2.473
0.016
2.478
0.011
2.487
0.02
2.479
0.0
2.472
0.006
2.487
0.0
2.481
0.0
2.503
0.0
2.496
0.0
2.507
0.0
2.478
0.0
2.571
0.006
2.49
0.0
2.507
0.018000000000000002
2.494
0.017
2.471
0.032
2.474
0.012
2.466
0.001
2.487
0.02
2.473
0.009000000000000001
2.457
0.018000000000000002
2.453
0.031
2.464
0.004
2.444
0.045
2.452
0.06
2.447
0.041
2.439
0.053
2.441
0.079
2.39
0.088
2.4050000000000002
0.081
2.382
0.085
2.374
0.095
2.382
0.124
2.382
0.131
2.366
0.135
2.345
0.128
2.328
0.161
2.337
0.179
2.313
0.166
2.29
0.20600000000000002
2.287
0.211
2.306
0.22
2.273
0.23
2.249
0.228
2.255
0.232
2.242
0.256
2.191
0.273
2.213
0.28200000000000003
2.1750000000000003
0.314
2.191
0.33
2.158
0.343
2.157
0.356
2.1310000000000002
0.35100000000000003
2.107
0.378
2.1550000000000002
0.375
2.081
0.386
2.068
0.418
2.036
0.435
2.021
0.452
2.025
0.487
2.013
0.483
1.976
0.492
1.977
0.52
1.941
0.505
1.946
0.547
1.8940000000000001
0.588
1.913
0.581
1.8840000000000001
0.611
1.87
0.63
1.834
0.646
1.838
0.677
1.799
0.677
1.796
0.687
1.7670000000000001
0.6950000000000001
1.7730000000000001
0.712
1.73
0.753
1.746
0.77
1.718
0.768
1.706
0.805
1.677
0.801
1.665
0.836
1.647
0.8220000000000001
1.6420000000000001
0.881
1.602
0.9
1.615
0.895
1.573
0.917
1.575
0.937
1.552
0.926
1.55
0.9460000000000001
1.499
0.979
1.494
0.977
1.493
0.912
1.454
1.0010000000000001
1.454
1.016
1.448
1.066
1.436
1.058
1.391
1.062
1.393
1.097
1.412
1.098
1.372
1.137
1.34
1.141
1.353
1.169
1.337
1.19
1.294
1.187
1.353
1.209
1.252
1.222
1.2770000000000001
1.23
1.214
1.236
1.188
1.2690000000000001
1.164
1.295
1.178
1.306
1.1320000000000001
1.336
1.103
1.356
1.1280000000000001
1.369
1.114
1.3820000000000001
1.103
1.332
1.072
1.416
1.07
1.412
1.046
1.436
1.064
1.481
0.996
1.484
0.99
1.543
0.965
1.5250000000000001
0.9500000000000001
1.538
0.911
1.592
0.908
1.583
0.877
1.593
0.859
1.633
0.836
1.6560000000000001
0.851
1.6640000000000001
0.8290000000000001
1.681
0.792
1.723
0.766
1.739
0.755
1.764
0.742
1.76
0.6930000000000001
1.786
0.68
1.7730000000000001
0.668
1.81
0.642
1.825
0.646
1.859
0.624
1.801
0.596
1.9040000000000001
0.587
1.833
0.538
1.917
0.514
1.971
0.518
1.975
0.495
1.975
0.492
2.0180000000000002
0.464
2.023
0.421
2.052
0.422
2.0380000000000003
0.41500000000000004
2.064
0.419
2.087
0.359
2.096
0.361
2.124
0.36
2.1390000000000002
0.34600000000000003
2.1550000000000002
0.331
2.1670000000000003
0.306
2.181
0.28700000000000003
2.2
0.281
2.22
0.275
2.208
0.24
2.236
0.24
2.2680000000000002
0.23
2.245
0.213
2.265
0.23600000000000002
2.265
0.21
2.309
0.20800000000000002
2.391
0.17500000000000002
2.305
0.167
2.328
0.171
2.316
0.136
2.332
0.125
2.361
0.13
2.361
0.107
2.363
0.123
2.386
0.099
2.379
0.10300000000000001
2.411
0.088
2.376
0.08700000000000001
2.388
0.062
2.42
0.081
2.43
0.062
2.445
0.053
2.412
0.064
2.446
0.059000000000000004
2.44
0.037
2.442
0.047
2.453
0.019
2.461
0.002
2.457
0.0
2.484
0.031
2.479
0.008
2.467
0.0
2.494
0.02
2.469
0.0
2.478
0.0
2.496
0.003
2.489
0.003
2.497
0.002
2.484
0.003
2.48
0.0
2.527
0.0
2.488
0.007
2.487
0.0
2.492
0.0
2.481
0.0
2.492
0.016
2.476
0.003
2.498
0.0
2.479
0.01
2.5100000000000002
0.01
2.495
0.001
2.468
0.049
2.484
0.011
2.473
0.0
2.457
0.025
2.478
0.042
2.453
0.02
2.451
0.016
2.49
0.016
2.444
0.026000000000000002
2.453
0.051000000000000004
2.453
0.053
2.445
0.036000000000000004
2.416
0.057
2.416
0.043000000000000003
2.403
0.062
2.392
0.074
2.392
0.073
2.384
0.096
2.394
0.114
2.382
0.093
2.345
0.117
2.336
0.146
2.352
0.132
2.344
0.126
2.349
0.151
2.358
0.18
2.308
0.185
2.286
0.17400000000000002
2.32
0.186
2.277
0.222
2.266
0.214
2.255
0.241
2.261
0.245
2.21
0.249
2.21
0.249
2.226
0.28500000000000003
2.191
0.302
2.2
0.315
2.17
0.307
2.162
0.328
2.133
0.343
2.121
0.385
2.107
0.376
2.104
0.391
2.093
0.402
2.06
0.429
2.068
0.41200000000000003
2.021
0.459
2.033
0.485
2.004
0.493
1.979
0.418
1.996
0.503
1.975
0.516
1.947
0.558
1.94
0.5670000000000001
1.917
0.582
1.8760000000000001
0.607
1.87
0.5750000000000001
1.851
0.647
1.852
0.622
1.852
0.662
1.7910000000000001
0.679
1.794
0.614
1.772
0.74
1.741
0.732
1.73
0.755
1.719
0.771
1.72
0.787
1.6560000000000001
0.8220000000000001
1.6360000000000001
0.833
1.6360000000000001
0.852
1.62
0.871
1.598
0.914
1.591
0.92
1.553
0.9540000000000001
1.5190000000000001
0.9470000000000001
1.504
0.983
1.487
1.004
1.477
0.992
1.457
1.048
1.45
1.032
1.438
1.065
1.417
1.082
1.395
1.089
1.3780000000000001
1.109
1.373
1.1520000000000001
1.356
1.151
1.314
1.198
1.293
1.204
1.298
1.227
1.2610000000000001
1.21
1.25
1.236
1.221
1.2590000000000001
1.212
1.285
1.204
1.319
1.175
1.325
1.175
1.361
1.117
1.361
1.116
1.365
1.094
1.3760000000000001
1.082
1.401
1.072
1.427
1.041
1.462
1.014
1.44
0.985
1.475
0.977
1.475
0.936
1.53
0.9560000000000001
1.552
0.9530000000000001
1.544
0.928
1.568
0.885
1.597
0.89
1.552
0.867
1.625
0.844
1.668
0.8170000000000001
1.672
0.8200000000000001
1.702
0.78
1.731
0.776
1.717
0.764
1.746
0.6950000000000001
1.7590000000000001
0.724
1.772
0.687
1.799
0.68
1.801
0.645
1.818
0.643
1.845
0.626
1.877
0.611
1.8780000000000001
0.604
1.8880000000000001
0.5640000000000001
1.917
0.5700000000000001
1.941
0.531
1.967
0.501
1.947
0.508
1.992
0.492
1.984
0.51
2.036
0.432
2.0420000000000003
0.435
2.068
0.431
2.089
0.422
2.096
0.397
2.113
0.365
2.113
0.355
2.129
0.368
2.1470000000000002
0.321
2.174
0.29
2.17
0.291
2.209
0.295
2.2
0.251
2.204
0.244
2.231
0.228
2.258
0.23700000000000002
2.278
0.219
2.283
0.211
2.32
0.201
2.312
0.183
2.316
0.161
2.323
0.169
2.345
0.154
2.341
0.123
2.371
0.123
2.378
0.128
2.365
0.099
2.387
0.10300000000000001
2.386
0.096
2.408
0.108
2.388
0.084
2.403
0.062
2.432
0.085
2.407
0.06
2.423
0.062
2.452
0.034
2.445
0.048
2.458
0.043000000000000003
2.457
0.019
2.463
0.025
2.476
0.023
2.465
0.022
2.452
0.004
2.461
0.021
2.497
0.01
2.484
0.0
2.469
0.009000000000000001
2.486
0.004
2.457
0.0
2.473
0.0
2.487
0.011
2.49
0.0
2.484
0.0
2.478
0.006
2.495
0.0
2.49
0.004
2.487
0.0
2.482
0.0
2.484
0.0
2.474
0.0
2.498
0.0
2.481
0.003
2.471
0.008
2.473
0.001
2.493
0.0
2.49
0.0
2.471
0.016
2.487
0.02
2.481
0.017
2.489
0.0
2.461
0.0
2.49
0.03
2.465
0.026000000000000002
2.452
0.029
2.46
0.037
2.469
0.048
2.445
0.025
2.471
0.048
2.457
0.025
2.431