
0.9560000000000001
1.548
0.9450000000000001
1.5190000000000001
0.979
1.5070000000000001
0.913
1.5030000000000001
0.997
1.481
1.035
1.461
1.052
1.42
1.066
1.417
1.09
1.3780000000000001
1.098
1.359
1.094
1.3780000000000001
1.135
1.329
1.154
1.33
1.158
1.319
1.164
1.284
1.183
1.249
1.213
1.28
1.145
1.249
1.225
1.197
1.289
1.191
1.301
1.187
1.332
1.166
1.352
1.165
1.367
1.125
1.3980000000000001
1.075
1.4000000000000001
1.093
1.3820000000000001
1.096
1.432
1.041
1.426
1.034
1.459
1.0170000000000001
1.5070000000000001
0.998
1.483
0.964
1.5070000000000001
0.971
1.5290000000000001
0.933
1.543
0.913
1.577
0.919
1.578
0.892
1.608
0.864
1.61
0.861
1.623
0.8300000000000001
1.672
0.8210000000000001
1.697
0.801
1.696
0.794
1.703
0.76
1.726
0.771
1.729
0.734
1.738
0.725
1.768
0.79
1.77
0.6900000000000001
1.707
0.672
1.796
0.648
1.843
0.643
1.849
0.623
1.8940000000000001
0.594
1.9020000000000001
0.604
1.801
0.59
1.9120000000000001
0.579
1.93
0.543
1.941
0.516
1.987
0.531
1.97
0.514
1.997
0.504
1.984
0.488
2.017
0.466
2.009
0.46
2.039
0.423
2.053
0.406
2.058
0.406
2.084
0.402
2.115
0.393
2.112
0.363
2.116
0.34800000000000003
2.1550000000000002
0.34600000000000003
2.156
0.342
2.17
0.326
2.1630000000000003
0.319
2.108
0.272
2.215
0.265
2.204
0.27
2.234
0.253
2.201
0.261
2.237
0.24
2.271
0.228
2.279
0.231
2.266
0.187
2.295
0.193
2.315
0.161
2.286
0.157
2.295
0.188
2.319
0.14300000000000002
2.339
0.12
2.329
0.15
2.334
0.137
2.345
0.128
2.376
0.133
2.371
0.11800000000000001
2.38
0.12
2.384
0.097
2.4090000000000003
0.08700000000000001
2.387
0.063
2.4
0.096
2.416
0.083
2.3970000000000002
0.06
2.4130000000000003
0.077
2.407
0.056
2.428
0.049
2.4
0.062
2.428
0.003
2.423
0.029
2.436
0.052000000000000005
2.449
0.038
2.457
0.025
2.481
0.029
2.46
0.026000000000000002
2.478
0.026000000000000002
2.446
0.039
2.481
0.008
2.46
0.012
2.494
0.0
2.495
0.013000000000000001
2.497
0.012
2.483
0.0
2.494
0.008
2.5
0.0
2.507
0.01
2.479
0.0
2.477
0.0
2.5100000000000002
0.0
2.478
0.0
2.507
0.0
2.486
0.004
2.499
0.0
2.5100000000000002
0.0
2.479
0.0
2.482
0.0
2.494
0.009000000000000001
2.495
0.0
2.474
0.0
2.489
0.011
2.479
0.0
2.482
0.0
2.476
0.0
2.478
0.0
2.449
0.004
2.437
0.039
2.474
0.037
2.471
0.035
2.453
0.031
2.461
0.041
2.436
0.037
2.426
0.038
2.444
0.06
2.4170000000000003
0.079
2.437
0.063
2.4050000000000002
0.088
2.4
0.058
2.3930000000000002
0.078
2.379
0.101
2.371
0.124
2.378
0.122
2.373
0.112
2.361
0.136
2.341
0.134
2.336
0.132
2.345
0.161
2.332
0.152
2.322
0.157
2.302
0.198
2.312
0.20800000000000002
2.302
0.215
2.281
0.215
2.2680000000000002
0.23600000000000002
2.238
0.223
2.2600000000000002
0.23700000000000002
2.227
0.256
2.208
0.257
2.208
0.29
2.195
0.28600000000000003
2.216
0.28400000000000003
2.192
0.314
2.1750000000000003
0.298
2.187
0.319
2.141
0.336
2.146
0.365
2.146
0.37
2.104
0.368
2.122
0.365
2.099
0.374
2.099
0.417
2.091
0.40700000000000003
2.054
0.405
2.06
0.456
2.0460000000000003
0.449
2.031
0.452
2.999
0.47500000000000003
1.971
0.47600000000000003
1.985
0.506
1.954
0.511
1.946
0.551
1.926
0.5660000000000001
1.921
0.547
1.897
0.589
1.98
0.587
1.862
0.597
1.857
0.639
1.852
0.635
1.807
0.672
1.812
0.67
1.797
0.66
1.766
0.711
1.749
0.709
1.76
0.745
1.733
0.743
1.724
0.792
1.694
0.759
1.681
0.792
1.668
0.8290000000000001
1.659
0.846
1.6380000000000001
0.853
1.614
0.863
1.623
0.874
1.581
0.878
1.581
0.909
1.539
0.904
1.5330000000000001
0.972
1.554
0.9450000000000001
1.514
0.974
1.569
1.0
1.499
1.008
1.477
1.0170000000000001
1.442
1.058
1.433
1.062
1.417
1.072
1.3800000000000001
1.091
1.369
1.119
1.363
1.135
1.356
1.155
1.299
1.1460000000000001
1.312
1.174
1.294
1.183
1.291
1.183
1.266
1.24
1.238
1.243
1.245
1.243
1.193
1.288
1.196
1.283
1.175
1.288
1.1380000000000001
1.353
1.1380000000000001
1.357
1.109
1.348
1.108
1.385
1.07
1.411
1.067
1.418
1.04
1.448
1.0170000000000001
1.464
0.997
1.451
0.975
1.485
1.974
1.5070000000000001
0.92
1.544
0.921
1.564
0.904
1.599
0.915
1.613
0.885
1.599
0.874
1.62
0.85
1.678
0.838
1.655
0.8260000000000001
1.701
0.803
1.689
0.767
1.713
0.767
1.736
0.718
1.734
0.718
1.7630000000000001
0.72
1.722
0.674
1.814
0.685
1.839
0.68
1.834
0.618
1.859
0.63
1.872
0.611
1.813
0.579
1.804
0.5640000000000001
1.929
0.5630000000000001
1.957
0.523
1.931
0.522
1.968
0.516
1.971
0.493
1.988
0.502
1.989
0.511
2.032
0.467
2.009
0.448
2.036
0.424
2.0340000000000003
0.41000000000000003
2.087
0.41200000000000003
2.083
0.40900000000000003
2.071
0.376
2.126
0.371
2.128
0.329
2.113
0.34400000000000003
2.129
0.34
2.176
0.331
2.181
0.28700000000000003
2.19
0.293
2.184
0.292
2.2
0.28300000000000003
2.21
0.253
2.226
0.252
2.234
0.24
2.241
0.23900000000000002
2.2600000000000002
0.24
2.274
0.212
2.2840000000000003
0.199
2.2920000000000003
0.187
2.287
0.179
2.329
0.176
2.319
0.149
2.324
0.14200000000000002
2.328
0.157
2.345
0.126
2.329
0.136
2.363
0.14100000000000001
2.365
0.125
2.371
0.115
2.3810000000000002
0.08700000000000001
2.3810000000000002
0.11
2.4010000000000002
0.07
2.382
0.056
2.3970000000000002
0.073
2.408
0.057
2.419
0.083
2.423
0.058
2.44
0.032
2.447
0.029
2.447
0.064
2.468
0.043000000000000003
2.44
0.029
2.442
0.03
2.452
0.019
2.451
0.031
2.5020000000000002
0.005
2.468
0.02
2.481
0.0
2.465
0.0
2.481
0.001
2.487
0.0
2.49
0.0
2.471
0.027
2.486
0.0
2.479
0.0
2.478
0.0
2.505
0.0
2.474
0.0
2.482
0.0
2.516
0.0
2.507
0.014
2.508
0.0
2.5
0.0
2.496
0.011
2.508
0.0
2.48
0.0
2.484
0.017
2.495
0.0
2.485
0.019
2.487
0.022
2.465
0.022
2.453
0.036000000000000004
2.465
0.037
2.463
0.026000000000000002
2.444
0.008
2.471
0.02
2.4290000000000003
0.053
2.447
0.074
2.436
0.033
2.422
0.04
2.412
0.045
2.4
0.055
2.4130000000000003
0.08
2.4
0.07100000000000001
2.416
0.088
2.395
0.10400000000000001
2.384
0.08600000000000001
2.4
0.092
2.376
0.11800000000000001
2.346
0.112
2.35
0.113
2.345
0.128
2.353
0.15
2.349
0.15
2.349
0.154
2.294
0.185
2.3000000000000003
0.18
2.279
0.182
2.287
0.198
2.2640000000000002
0.214
2.2520000000000002
0.232
2.247
0.256
2.229
0.258
2.239
0.261
2.208
0.25
2.229
0.28300000000000003
2.216
0.28
2.168
0.305
2.181
0.294
2.166
0.314
2.149
0.326
2.146
0.35100000000000003
2.107
0.366
2.1
0.377
2.102
0.379
2.067
0.41000000000000003
2.054
0.424
2.0260000000000002
0.433
1.997
0.457
2.0140000000000002
0.466
1.996
0.482
1.995
0.498
1.999
0.542
1.937
0.5640000000000001
1.942
0.559
1.92
0.5760000000000001
1.915
0.603
1.87
0.605
1.863
0.621
1.847
0.639
1.852
0.64
1.831
0.667
1.802
0.671
1.784
0.714
1.784
0.737
1.7670000000000001
0.734
1.739
0.751
1.732
0.759
1.681
0.793
1.666
0.8170000000000001
1.6600000000000001
0.8170000000000001
1.6440000000000001
0.861
1.617
0.8320000000000001
1.603
0.869
1.617
0.909
1.571
0.913
1.571
0.929
1.532
0.922
1.518
0.9410000000000001
1.5250000000000001
0.985
1.5270000000000001
0.979
1.465
1.004
1.484
1.008
1.438
1.026
1.423
1.041
1.43
1.062
1.401
1.098
1.3800000000000001
1.114
1.361
1.125
1.319
1.156
1.343
1.164
1.307
1.1400000000000001
1.291
1.201
1.272
1.204
1.2610000000000001
1.231
1.244
1.242
1.233
1.247
1.216
1.295
1.23
1.314
1.195
1.333
1.187
1.336
1.163
1.33
1.129
1.336
1.125
1.3860000000000001
1.175
1.3880000000000001
1.097
1.407
1.07
1.3980000000000001
1.052
1.435
1.067
1.453
1.053
1.462
1.0090000000000001
1.466
0.996
1.491
0.979
1.5330000000000001
0.961
1.546
0.9590000000000001
1.546
0.924
1.581
0.921
1.61
0.874
1.618
0.85
1.641
0.856
1.6520000000000001
0.843
1.663
0.843
1.691
0.788
1.707
0.755
1.717
0.799
1.729
0.726
1.742
0.73
1.756
0.733
1.768
0.714
1.7830000000000001
0.6930000000000001
1.799
0.67
1.81
0.666
1.83
0.667
1.843
0.614
1.86
0.63
1.855
0.598
1.891
0.5680000000000001
1.8960000000000001
0.578
1.907
0.559
1.945
0.561
1.963
0.545
1.971
0.494
1.976
0.51
1.984
0.483
1.996
0.481
2.0100000000000002
0.437
2.029
0.445
2.04
0.444
2.058
0.439
2.087
0.406
2.083
0.405
2.075
0.38
2.091
0.373
2.123
0.356
2.165
0.331
2.146
0.341
2.16
0.318
2.184
0.297
2.186
0.313
2.207
0.29
2.22
0.273
2.213
0.269
2.233
0.265
2.25
0.215
2.247
0.21
2.25
0.211
2.27
0.20700000000000002
2.274
0.215
2.2840000000000003
0.19
2.31
0.159
2.295
0.16
2.345
0.18
2.345
0.163
2.33
0.133
2.332
0.14100000000000001
2.341
0.14300000000000002
2.374
0.111
2.384
0.11800000000000001
2.39
0.183
2.399
0.083
2.403
0.096
2.403
0.062
2.403
0.07
2.416
0.059000000000000004
2.41
0.048
2.415
0.054
2.4290000000000003
0.03
2.445
0.053
2.445
0.051000000000000004
2.455
0.017
2.431
0.02
2.449
0.013000000000000001
2.462
0.012
2.474
0.003
2.478
0.026000000000000002
2.453
0.018000000000000002
2.458
0.0
2.476
0.016
2.484
0.022
2.492
0.017
2.5
0.0
2.487
0.0
2.4
0.0
2.482
0.0
2.473
0.0
2.494
0.004
2.489
0.004
2.5020000000000002
0.0
2.49
0.0
2.5060000000000002
0.0
2.492
0.0
2.481
0.0
2.483
0.0
2.507
0.001
2.489
0.004
2.494
0.006
2.497
0.0
2.481
0.009000000000000001
2.473
0.0
2.492
0.006
2.478
0.02
2.487
0.018000000000000002
2.459
0.023
2.478
0.024
2.468
0.007
2.453
0.029
2.461
0.03
2.434
0.037
2.449
0.058
2.468
0.041
2.438
0.042
2.436
0.067
2.415
0.056
2.438
0.062
2.3930000000000002
0.078
2.4090000000000003
0.07
2.41
0.088
2.399
0.069
2.371
0.08700000000000001
2.408
0.116
2.366
0.08600000000000001
2.363
0.128
2.368
0.116
2.345
0.14200000000000002
2.324
0.129
2.353
0.134
2.324
0.164
2.324
0.164
2.312
0.149
2.332
0.152
2.312
0.194
2.309
0.212
2.2800000000000002
0.213
2.294
0.226
2.278
0.215
2.2600000000000002
0.23
2.3040000000000003
0.213
2.267
0.231
2.255
0.244
2.223
0.261
2.228
0.268
2.236
0.266
2.212
0.20700000000000002
2.223
0.277
2.179
0.27
2.204
0.29
2.191
0.298
2.183
0.335
2.168
0.336
2.168
0.34500000000000003
2.1310000000000002
0.36
2.115
0.356
2.129
0.34700000000000003
2.191
0.37
2.108
0.361
2.11
0.394
2.083
0.406
2.068
0.419
2.054
0.433
2.075
0.453
2.033
0.43
2.0420000000000003
0.452
2.012
0.47700000000000004
2.0140000000000002
0.455
2.015
0.491
2.017
0.51
1.976
0.493
1.961
0.507
1.978
0.54
1.948
0.543
1.924
0.5650000000000001
1.903
0.558
1.933
0.587
1.8980000000000001
0.583
1.8900000000000001
0.622
1.8840000000000001
0.597
1.849
0.625
1.844
0.658
1.826
0.639
1.817
0.672
1.804
0.664
1.79
0.717
1.7830000000000001
0.731
1.78
0.756
1.743
0.757
1.726
0.787
1.739
0.772
1.688
0.793
1.659
0.806
1.6520000000000001
0.837
1.647
0.854
1.614
0.866
1.631
0.859
1.622
0.895
1.56
0.884
1.567
0.909
1.555
0.914
1.556
0.9540000000000001
1.544
0.9550000000000001
1.594
0.979
1.49
0.983
1.5010000000000001
0.987
1.465
1.029
1.465
1.037
1.464
1.059
1.436
1.059
1.425
1.091
1.416
1.069
1.372
1.125
1.365
1.1300000000000001
1.338
1.158
1.328
1.1380000000000001
1.358
1.18
1.309
1.176
1.314
1.199
1.266
1.23
1.262
1.228
1.249
1.2530000000000001
1.243
1.243
1.256
1.26
1.211
1.264
1.193
1.298
1.185
1.33
1.141
1.356
1.129
1.331
1.133
1.339
1.108
1.385
1.095
1.3900000000000001
1.066
1.383
1.068
1.3980000000000001
1.067
1.41
1.041
1.43
1.045
1.457
1.037
1.436
1.024
1.456
1.016
1.477
0.995
1.5030000000000001
0.979
1.495
0.979
1.52
0.964
1.532
0.926
1.551
0.91
1.56
0.924
1.554
0.914
1.579
0.881
1.58
0.906
1.623
0.882
1.522
0.872
1.647
0.833
1.6580000000000001
0.808
1.68
0.789
1.657
0.804
1.701
0.806
1.701
0.738
1.718
0.756
1.733
0.772
1.743
0.738
1.73
0.728
1.7770000000000001
0.709
1.764
0.711
1.772
0.708
1.802
0.709
1.802
0.669
1.826
0.708
1.805
0.677
1.826
0.656
1.815
0.647
1.846
0.635
1.844
0.634
1.852
0.618
1.855
0.631
1.8800000000000001
0.595
1.907
0.578
1.928
0.551
1.933
0.5690000000000001
1.945
0.562
1.959
0.553
1.96
0.523
1.97
0.51
1.955
0.49
1.967
0.494
1.984
0.487
2.013
0.453
2.036
0.47000000000000003
2.049
0.442
2.025
0.431
2.033
0.439
2.062
0.427
2.075
0.42
2.079
0.41000000000000003
2.087
0.389
2.113
0.352
2.104
0.365
2.126
0.361
2.118
0.32
2.161
0.309
2.162
0.322
2.1710000000000003
0.313
2.186
0.29
2.196
0.271
2.205
0.28200000000000003
2.223
0.268
2.205
0.267
2.236
0.23600000000000002
2.234
0.229
2.242
0.224
2.278
0.226
2.249
0.20800000000000002
2.262
0.221
2.294
0.199
2.2760000000000002
0.214
2.273
0.185
2.294
0.197
2.291
0.184
2.337
0.157
2.299
0.157
2.344
0.137
2.322
0.158
2.337
0.132
2.361
0.14100000000000001
2.382
0.117
2.356
0.091
2.366
0.115
2.37
0.083
2.382
0.083
2.408
0.084
2.415
0.106
2.403
0.064
2.41
0.055
2.423
0.081
2.44
0.07200000000000001
2.436
0.062
2.4210000000000003
0.04
2.436
0.031
2.452
0.037
2.453
0.029
2.4250000000000003
0.019
2.447
0.03
2.455
0.029
2.444
0.02
2.455
0.004
2.473
0.027
2.471
0.022
2.486
0.0
2.492
0.0
2.463
0.016
2.474
0.0
2.489
0.0
2.497
0.0
2.49
0.017
2.478
0.009000000000000001
2.496
0.0
2.494
0.01
2.494
0.004
2.507
0.0
2.5
0.0
2.478
0.0
2.5
0.0
2.598
0.0
2.478
0.0
2.495
0.0
2.484
0.0
2.497
0.0
2.407
0.002
2.487
0.0
2.5020000000000002
0.005
2.496
0.006
2.5
0.0
2.478
0.0
2.484
0.0
2.471
0.0
2.486
0.004
2.494
0.009000000000000001
2.484
0.015
2.467
0.0
2.479
0.0
2.489
0.019
2.465
0.025
2.47
0.003
2.486
0.022
2.485
0.031
2.452
0.028
2.442
0.019
2.447
0.012
2.449
0.039
2.455
0.022
2.472
0.048
2.442
0.053
2.439
0.032
2.424
0.061
2.449
0.055
2.435
0.069
2.435
0.079
2.431
0.078
2.407
0.07200000000000001
2.407
0.093
2.41
0.089
2.382
0.10400000000000001
2.416
0.096
2.374
0.101
2.358
0.137
2.379
0.131
2.384
0.116
2.345
0.127
2.325
0.153
2.332
0.179
2.328
0.17300000000000001
2.303
0.194
2.383
0.176
2.274
0.222
2.278
0.20700000000000002
2.2520000000000002
0.227
2.278
0.232
2.236
0.261
2.229
0.24
2.224
0.28300000000000003
2.204
0.277
2.194
0.259
2.187
0.299
2.183
0.311
2.142
0.331
2.1510000000000002
0.31
2.133
0.352
2.134
0.386
2.1
0.377
2.091
0.379
2.103
0.402
2.083
0.39
2.075
0.41400000000000003
2.049
0.41600000000000004
2.054
0.451
2.0140000000000002
0.47000000000000003
2.055
0.47900000000000004
2.017
0.468
1.973
0.5
1.973
0.531
1.944
0.515
1.957
0.555
1.938
0.5690000000000001
1.9160000000000001
0.5640000000000001
1.899
0.589
1.9000000000000001
0.586
1.87
0.624
1.8800000000000001
0.627
1.826
0.643
1.868
0.642
1.812
0.668
1.808
0.652
1.7890000000000001
0.6930000000000001
1.788
0.6970000000000001
1.7650000000000001
0.75
1.739
0.756
1.731
0.771
1.715
0.771
1.676
0.7010000000000001
1.672
0.805
1.6580000000000001
0.8220000000000001
1.6520000000000001
0.843
1.641
0.863
1.604
0.859
1.607
0.878
1.588
0.905
1.569
0.905
1.582
0.9400000000000001
1.5230000000000001
0.967
1.5270000000000001
0.9520000000000001
1.506
0.989
1.528
1.0
1.462
1.004
1.489
1.026
1.45
1.012
1.427
1.029
1.446
1.061
1.438
1.075
1.395
1.067
1.385
1.116
1.349
1.104
1.375
1.129
1.343
1.143
1.344
1.161
1.33
1.166
1.33
1.172
1.296
1.204
1.286
1.191
1.236
1.274
1.2750000000000001
1.238
1.222
1.25
1.209
1.248
1.224
1.283
1.178
1.285
1.183
1.325
1.143
1.303
1.153
1.333
1.137
1.357
1.129
1.361
1.079
1.365
1.09
1.3800000000000001
1.033
1.425
1.03
1.455
1.042
1.469
1.012
1.486
0.988
1.483
0.98
1.498
0.985
1.52
0.98
1.557
0.9450000000000001
1.543
0.935
1.581
0.929
1.565
0.901
1.562
0.917
1.617
0.884
1.618
0.866
1.61
0.846
1.615
0.8300000000000001
1.6640000000000001
0.805
1.677
0.788
1.715
0.779
1.718
0.743
1.739
0.741
1.739
0.719
1.78
0.711
1.7570000000000001
0.711
1.7890000000000001
0.678
1.826
0.671
1.81
0.66
1.855
0.635
1.851
0.635
1.872
0.627
1.8800000000000001
0.614
1.905
0.578
1.932
0.577
1.934
0.543
1.942
0.539
1.968
0.521
1.963
0.506
1.965
0.497
1.971
0.468
2.005
0.47700000000000004
2.025
0.47400000000000003
2.0260000000000002
0.451
2.0260000000000002
0.456
2.054
0.41000000000000003
2.05
0.41500000000000004
2.065
0.398
2.072
0.355
2.083
0.386
2.1
0.374
2.1350000000000002
0.34800000000000003
2.152
0.356
2.152
0.329
2.146
0.297
2.154
0.322
2.166
0.28600000000000003
2.176
0.277
2.204
0.261
2.195
0.26
2.202
0.269
2.208
0.24
2.249
0.244
2.239
0.215
2.242
0.217
2.262
0.198
2.242
0.217
2.307
0.187
2.31
0.169
2.32
0.186
2.319
0.167
2.31
0.154
2.352
0.136
2.336
0.155
2.345
0.15
2.336
0.12
2.371
0.11900000000000001
2.378
0.12
2.358
0.122
2.36
0.112
2.379
0.08700000000000001
2.384
0.08
2.371
0.096
2.403
0.08700000000000001
2.403
0.08700000000000001
2.407
0.052000000000000005
2.423
0.062
2.4050000000000002
0.081
2.494
0.08700000000000001
2.436
0.08700000000000001
2.4290000000000003
0.076
2.42
0.074
2.435
0.07
2.442
0.059000000000000004
2.416
0.037
2.465
0.054
2.431
0.055
2.432
0.045
2.426
0.021
2.465
0.045
2.449
0.039
2.455
0.018000000000000002
2.458
0.018000000000000002
2.449
0.009000000000000001
2.458
0.001
2.455
0.024
2.458
0.003
2.474
0.0
2.455
0.0
2.455
0.029
2.471
0.024
2.481
0.0
2.494
0.012
2.481
0.009000000000000001
2.507
0.01
2.484
0.0
2.469
0.011
2.479
0.0
2.473
0.0
2.5
0.0
2.498
0.0
2.517
0.0
2.498
0.0
2.474
0.0
2.497
0.0
2.5
0.0
2.498
0.0
2.503
0.0
2.474
0.0
2.463
0.0
2.481
0.01
2.482
0.0
2.49
0.0
2.489
0.004
2.582
0.0
2.469
0.0
2.474
0.012
2.497
0.0
2.494
0.009000000000000001
2.498
0.004
2.482
0.003
2.482
0.0
2.457
0.022
2.452
0.025
2.48
0.022
2.46
0.041
2.453
0.036000000000000004
2.455
0.014
2.471
0.037
2.458
0.024
2.432
0.032
2.449
0.034
2.411
0.043000000000000003
2.428
0.08
2.436
0.037
2.442
0.066
2.407
0.065
2.428
0.067
2.423
0.077
2.408
0.1
2.4130000000000003
0.085
2.407
0.069
2.386
0.068
2.4
0.092
2.424
0.10300000000000001
2.375
0.091
2.39
0.117
2.3770000000000002
0.12
2.354
0.116
2.357
0.138
2.361
0.124
2.341
0.138
2.357
0.14100000000000001
2.322
0.165
2.341
0.163
2.308
0.17400000000000002
2.307
0.161
2.291
0.17500000000000002
2.31
0.183
2.281
0.188
2.287
0.218
2.282
0.224
2.242
0.213
2.237
0.23700000000000002
2.225
0.233
2.242
0.256
2.208
0.246
2.21
0.293
2.104
0.292
2.1750000000000003
0.31
2.168
0.316
2.162
0.358
2.141
0.34
2.128
0.365
2.13
0.373
2.104
0.365
2.113
0.379
2.096
0.40700000000000003
2.052
0.401
2.062
0.443
2.036
0.41500000000000004
2.039
0.443
2.02
0.462
2.021
0.482
2.013
0.486
2.071
0.508
1.952
0.503
1.942
0.532
1.923
0.546
1.915
0.556
1.9000000000000001
0.588
1.901
0.602
1.875
0.598
1.852
0.614
1.82
0.653
1.849
0.668
1.819
0.654
1.786
0.718
1.7810000000000001
0.7030000000000001
1.747
0.742
1.729
0.742
1.718
0.758
1.72
0.771
1.672
0.8
1.6600000000000001
0.8230000000000001
1.635
0.8300000000000001
1.645
0.872
1.592
0.867
1.589
0.884
1.565
0.924
1.524
0.924
1.498
0.9380000000000001
1.5010000000000001
0.984
1.489
1.0230000000000001
1.475
1.034
1.415
1.046
1.415
1.078
1.401
1.082
1.373
1.041
1.355
1.124
1.332
1.166
1.301
1.168
1.308
1.191
1.287
1.211
1.24
1.24
1.246
1.24
1.294
1.28
1.221
1.294
1.207
1.29
1.187
1.316
1.156
1.341
1.096
1.385
1.114
1.369
1.058
1.4060000000000001
1.056
1.4000000000000001
1.061
1.429
1.016
1.465
1.006
1.494
1.006
1.483
1.981
1.5030000000000001
0.9540000000000001
1.518
0.966
1.546
0.922
1.548
0.985
1.598
0.962
1.58
0.885
1.639
0.855
1.629
0.861
1.647
0.8220000000000001
1.655
0.808
1.667
0.883
1.723
0.767
1.712
0.772
1.733
0.749
1.7510000000000001
0.726
1.762
0.7000000000000001
1.784
0.684
1.822
0.6920000000000001
1.816
0.63
1.834
0.656
1.828
0.625
1.883
0.597
1.8800000000000001
0.579
1.893
0.5690000000000001
1.9000000000000001
0.556
1.93
0.542
1.922
0.543
1.958
0.514
1.945
0.513
1.984
0.487
1.966
0.494
2.005
0.462
2.015
0.498
2.0100000000000002
0.464
2.021
0.448
2.062
0.427
2.096
0.444
2.076
0.382
2.077
0.382
2.076
0.382
2.133
0.358
2.1310000000000002
0.372
2.122
0.34
2.137
0.338
2.162
0.333
2.144
0.317
2.186
0.307
2.186
0.308
2.194
0.269
2.191
0.28200000000000003
2.229
0.244
2.232
0.245
2.255
0.246
2.242
0.209
2.2720000000000002
0.229
2.287
0.20700000000000002
2.295
0.187
2.279
0.17300000000000001
2.322
0.19
2.313
0.17
2.336
0.14100000000000001
2.331
0.138
2.345
0.108
2.376
0.111
2.376
0.105
2.365
0.116
2.399
0.111
2.394
0.10300000000000001
2.412
0.07200000000000001
2.399
0.07100000000000001
2.4130000000000003
0.062
2.431
0.068
2.4130000000000003
0.079
2.4290000000000003
0.065
2.432
0.07
2.42
0.059000000000000004
2.448
0.046
2.46
0.042
2.444
0.033
2.439
0.012
2.447
0.015
2.449
0.0
2.468
0.019
2.461
0.025
2.468
0.016
2.507
0.004
2.492
0.0
2.487
0.014
2.474
0.008
2.49
0.0
2.505
0.02
2.479
0.0
2.484
0.0
2.482
0.0
2.493
0.0
2.486
0.004
2.498
0.0
2.471
0.0
2.478
0.0
2.407
0.004
2.465
0.014
2.48
0.0
2.478
0.02
2.475
0.0
2.486
0.018000000000000002
2.473
0.013000000000000001
2.465
0.0
2.49
0.002
2.473
0.024
2.474
0.005
2.478
0.016
2.444
0.02
2.465
0.039
2.443
0.044
2.453
0.042
2.431
0.012
2.435
0.066
2.444
0.069
2.416
0.045
2.4090000000000003
0.074
2.423
0.065
2.382
0.094
2.407
0.01
2.37
0.112
2.378
0.12
2.386
0.096
2.366
0.109
2.37
0.135
2.363
0.15
2.328
0.149
2.317
0.17500000000000002
2.298
0.145
2.303
0.156
2.318
0.164
2.303
0.189
2.286
0.212
2.271
0.187
2.2840000000000003
0.20700000000000002
2.271
0.243
2.262
0.23600000000000002
2.236
0.23800000000000002
2.233
0.28700000000000003
2.216
0.27
2.213
0.29
2.152
0.304
2.179
0.339
2.191
0.34800000000000003
2.136
0.34400000000000003
2.126
0.34700000000000003
2.134
0.371
2.102
0.364
2.122
0.4
2.083
0.402
2.076
0.396
2.082
0.427
2.054
0.444
2.044
0.465
2.028
0.47800000000000004
2.023
0.47600000000000003
2.005
0.495
1.994
0.519
1.984
0.529
1.97
0.513
1.936
0.558
1.9100000000000001
0.539
1.8920000000000001
0.543
1.913
0.586
1.901
0.603
1.874
0.603
1.849
0.643
1.851
0.622
1.828
0.651
1.823
0.678
1.815
0.679
1.7710000000000001
0.724
1.8840000000000001
0.719
1.7650000000000001
0.717
1.743
0.767
1.706
0.747
1.722
0.776
1.712
0.803
1.697
0.843
1.668
0.836
1.663
0.855
1.6460000000000001
0.888
1.604
0.887
1.607
0.932
1.582
0.924
1.569
0.932
1.56
0.968
1.5230000000000001
0.992
1.49
0.987
1.465
1.008
1.456
1.0110000000000001
1.442
1.012
1.452
1.075
1.438
1.095
1.412
1.103
1.3820000000000001
1.0130000000000001
1.3980000000000001
1.124
1.361
1.145
1.345
1.167
1.352
1.167
1.316
1.173
1.305
1.232
1.2610000000000001
1.215
1.249
1.266
1.246
1.283
1.229
1.266
1.208
1.31
1.185
1.329
1.16
1.226
1.159
1.332
1.124
1.353
1.095
1.365
1.106
1.335
1.078
1.427
1.072
1.448
1.01
1.473
1.988
1.472
0.992
1.478
0.9560000000000001
1.53
0.9450000000000001
1.543
0.925
1.549
0.911
1.591
0.897
1.622
0.867
1.631
0.837
1.627
0.849
1.647
0.8170000000000001
1.685
0.772
1.696
0.8
1.707
0.752
1.73
0.719
1.7570000000000001
0.708
1.77
0.777
1.772
0.6910000000000001
1.801
0.671
1.828
0.643
1.836
0.63
1.847
0.616
1.8840000000000001
0.614
1.879
0.622
1.881
0.598
1.917
0.587
1.905
0.5680000000000001
1.915
0.558
1.9120000000000001
0.552
1.936
0.524
1.953
0.502
1.97
0.508
1.979
0.484
1.988
0.503
2.0100000000000002
0.47800000000000004
2.0180000000000002
0.464
2.049
0.448
2.0340000000000003
0.431
2.045
0.41300000000000003
2.071
0.406
2.078
0.388
2.103
0.386
2.115
0.363
2.105
0.353
2.1310000000000002
0.368
2.115
0.332
2.157
0.314
2.165
0.335
2.158
0.307
2.154
0.274
2.208
0.25
2.184
0.28
2.223
0.211
2.212
0.271
2.251
0.243
2.239
0.219
2.239
0.299
2.286
0.215
2.289
0.23900000000000002
2.297
0.199
2.285
0.185
2.313
0.164
2.294
0.162
2.331
0.192
2.338
0.136
2.358
0.125
2.36
0.11
2.349
0.106
2.371
0.108
2.3810000000000002
0.116
2.37
0.197
2.384
0.107
2.392
0.098
2.386
0.062
2.386
0.10300000000000001
2.407
0.085
2.42
0.053
2.423
0.067
2.4130000000000003
0.029
2.4290000000000003
0.053
2.452
0.035
2.44
0.029
2.465
0.033
2.474
0.035
2.474
0.038
2.452
0.033
2.469
0.029
2.482
0.004
2.481
0.02
2.481
0.0
2.485
0.025
2.495
0.005
2.479
0.001
2.493
0.013000000000000001
2.4010000000000002
0.0
2.5
0.0
2.476
0.0
2.498
0.0
2.5060000000000002
0.008
2.487
0.0
2.481
0.0
2.494
0.0
2.482
0.0
2.484
0.01
2.488
0.0
2.489
0.0
2.5180000000000002
0.006
2.478
0.0
2.482
0.012
2.473
0.0
2.494
0.0
2.487
0.018000000000000002
2.481
0.016
2.511
0.0
2.474
0.0
2.474
0.024
2.465
0.029
2.479
0.004
2.473
0.0
2.459
0.026000000000000002
2.461
0.045
2.478
0.012
2.457
0.026000000000000002
2.434
0.031
2.434
0.037
2.431
0.055
2.4210000000000003
0.047
2.439
0.069
2.435
0.049
2.416
0.07
2.398
0.07
2.424
0.066
2.3890000000000002
0.077
2.3970000000000002
0.088
2.4
0.112
2.373
0.08700000000000001
2.39
0.124
2.353
0.135
2.35
0.136
2.345
0.124
2.341
0.125
2.353
0.156
2.345
0.162
2.33
0.159
2.332
0.196
2.31
0.168
2.308
0.196
2.294
0.181
2.2920000000000003
0.20700000000000002
2.2680000000000002
0.22
2.266
0.248
2.255
0.245
2.251
0.23900000000000002
2.221
0.243
2.216
0.252
2.223
0.292
2.212
0.302
2.192
0.28600000000000003
2.186
0.321
2.173
0.34600000000000003
2.134
0.32
2.157
0.337
2.121
0.338
2.126
0.34
2.121
0.381
2.097
0.402
2.086
0.308
2.07
0.417
2.079
0.435
2.041
0.453
2.036
0.456
2.029
0.466
1.992
0.508
1.987
0.497
1.989
0.518
1.978
0.525
1.957
0.562
1.948
0.5640000000000001
1.928
0.598
1.9020000000000001
0.589
1.8780000000000001
0.5750000000000001
1.872
0.634
1.861
0.629
1.862
0.633
1.828
0.65
1.7890000000000001
0.659
1.818
0.613
1.756
0.737
1.774
0.744
1.726
0.731
1.741
0.758
1.697
0.785
1.665
0.808
1.685
0.803
1.651
0.8210000000000001
1.643
0.845
1.666
0.851
1.616
0.862
1.617
0.876
1.589
0.901
1.599
0.906
1.581
0.911
1.573
0.929
1.557
0.97
1.5310000000000001
0.969
1.538
0.984
1.5250000000000001
0.97
1.5030000000000001
0.993
1.49
0.987
1.472
1.02
1.438
1.029
1.418
1.062
1.423
1.071
1.414
1.111
1.359
1.129
1.351
1.1380000000000001
1.333
1.182
1.303
1.155
1.311
1.198
1.319
1.22
1.2690000000000001
1.209
1.2590000000000001
1.244
1.249
1.284
1.214
1.281
1.195
1.301
1.211
1.304
1.18
1.299
1.1460000000000001
1.365
1.161
1.365
1.127
1.373
1.133
1.3820000000000001
1.077
1.4020000000000001
1.093
1.432
1.056
1.459
1.043
1.472
1.024
1.495
1.0110000000000001
1.498
0.972
1.5030000000000001
0.9590000000000001
1.5310000000000001
0.925
1.562
0.915
1.539
0.898
1.558
0.892
1.599
0.867
1.61
0.855
1.6360000000000001
0.854
1.645
0.8140000000000001
1.651
0.809
1.694
0.808
1.6580000000000001
0.803
1.714
0.758
1.678
0.763
1.72
0.745
1.768
0.705
1.7530000000000001
0.729
1.766
0.68
1.778
0.676
1.809
0.676
1.828
0.659
1.854
0.643
1.843
0.624
1.883
0.605
1.885
0.63
1.907
0.592
1.8880000000000001
0.5730000000000001
1.93
0.552
1.925
0.5690000000000001
1.931
0.518
1.967
0.51
1.968
0.513
1.973
0.506
1.988
0.492
2.028
0.47400000000000003
2.0260000000000002
0.443
2.0460000000000003
0.439
2.049
0.439
2.068
0.406
2.063
0.406
2.064
0.373
2.096
0.371
2.107
0.382
2.125
0.365
2.1470000000000002
0.35000000000000003
2.176
0.34900000000000003
2.158
0.324
2.158
0.328
2.153
0.317
2.162
0.28
2.204
0.305
2.202
0.264
2.199
0.266
2.236
0.23700000000000002
2.242
0.246
2.22
0.24
2.234
0.234
2.255
0.216
2.27
0.221
2.286
0.2
2.277
0.17300000000000001
2.293
0.198
2.2960000000000003
0.186
2.316
0.146
2.323
0.149
2.339
0.17200000000000001
2.32
0.14
2.339
0.136
2.336
0.12
2.345
0.126
2.349
0.133
2.357
0.14
2.376
0.116
2.371
0.091
2.36
0.095
2.3930000000000002
0.109
2.384
0.07
2.373
0.083
2.424
0.111
2.39
0.083
2.399
0.058
2.41
0.07
2.411
0.069
2.4210000000000003
0.062
2.449
0.032
2.458
0.053
2.4290000000000003
0.033
2.455
0.026000000000000002
2.465
0.019
2.461
0.035
2.461
0.042
2.457
0.027
2.447
0.019
2.481
0.0
2.489
0.025
2.466
0.015
2.484
0.023
2.49
0.0
2.468
0.012
2.5
0.0
2.478
0.014
2.469
0.009000000000000001
2.49
0.0
2.403
0.0
2.5100000000000002
0.0
2.509
0.006
2.508
0.0
2.497
0.0
2.478
0.004
2.503
0.0
2.499
0.0
2.508
0.0
2.512
0.0
2.5
0.0
2.528
0.0
2.49
0.006
2.407
0.0
2.482
0.0
2.496
0.0
2.505
0.0
2.4
0.009000000000000001
2.471
0.016
2.478
0.0
2.494
0.01
2.473
0.006
2.487
0.02
2.487
0.018000000000000002
2.476
0.008
2.484
0.01
2.461
0.016
2.476
0.02
2.461
0.012
2.453
0.037
2.479
0.029
2.454
0.014
2.445
0.025
2.461
0.051000000000000004
2.435
0.048
2.455
0.041
2.424
0.043000000000000003
2.424
0.035
2.431
0.062
2.426
0.069
2.416
0.066
2.4090000000000003
0.08600000000000001
2.416
0.07200000000000001
2.407
0.075
2.382
0.069
2.406
0.10300000000000001
2.357
0.08600000000000001
2.4
0.11900000000000001
2.3810000000000002
0.116
2.344
0.108
2.363
0.13
2.348
0.114
2.357
0.149
2.362
0.148
2.349
0.147
2.338
0.14
2.317
0.161
2.308
0.18
2.297
0.171
2.293
0.20800000000000002
2.294
0.189
2.286
0.195
2.265
0.247
2.274
0.244
2.25
0.258
2.241
0.263
2.212
0.274
2.293
0.29
2.191
0.308
2.1750000000000003
0.291
2.184
0.294
2.179
0.315
2.1390000000000002
0.34800000000000003
2.113
0.364
2.107
0.372
2.122
0.405
2.094
0.398
2.087
0.403
2.064
0.419
2.05
0.437
2.027
0.435
2.033
0.488
1.988
0.516
1.973
0.51
1.96
0.54
1.936
0.5750000000000001
1.925
0.5690000000000001
1.891
0.588
1.87
0.62
1.866
0.61
1.851
0.649
1.839
0.647
1.891
0.673
1.793
0.6950000000000001
1.7790000000000001
0.722
1.748
0.725
1.756
0.738
1.731
0.767
1.707
0.798
1.697
0.8
1.651
0.8160000000000001
1.6600000000000001
0.8320000000000001
1.62
0.8140000000000001
1.613
0.864
1.592
0.891
1.598
0.888
1.569
0.908
1.556
0.967
1.539
0.96
1.51
0.973
1.504
1.012
1.478
0.996
1.443
1.046
1.444
1.033
1.43
1.058
1.411
1.07
1.3960000000000001
1.076
1.3980000000000001
1.122
1.3780000000000001
1.125
1.348
1.1460000000000001
1.311
1.179
1.304
1.178
1.296
1.211
1.2570000000000001
1.23
1.258
1.22
1.233
1.2530000000000001
1.201
1.266
1.217
1.289
1.185
1.282
1.164
1.314
1.153
1.332
1.145
1.328
1.135
1.361
1.101
1.383
1.176
1.391
1.097
1.412
1.088
1.412
1.04
1.427
1.043
1.452
1.0130000000000001
1.474
1.0110000000000001
1.481
1.025
1.5070000000000001
1.0210000000000001
1.5070000000000001
0.978
1.5330000000000001
0.974
1.548
0.934
1.539
0.9390000000000001
1.537
0.9380000000000001
1.564
0.893
1.556
0.892
1.594
0.886
1.584
0.872
1.631
0.856
1.627
0.853
1.6520000000000001
0.851
1.67
0.897
1.697
0.805
1.718
0.79
1.725
0.747
1.62
0.775
1.746
0.737
1.744
0.731
1.7550000000000001
0.726
1.713
0.721
1.776
0.684
1.813
0.659
1.812
0.636
1.817
0.651
1.843
0.615
1.86
0.599
1.861
0.594
1.873
0.603
1.893
0.556
1.934
0.557
1.909
0.542
1.93
0.543
1.915
0.543
1.981
0.502
1.996
0.514
1.984
0.489
1.901
0.484
2.019
0.448
2.027
0.453
2.0380000000000003
0.431
2.035
0.452
2.058
0.41600000000000004
2.052
0.422
2.083
0.41100000000000003
2.102
0.39
2.104
0.363
2.123
0.353
2.123
0.363
2.1390000000000002
0.324
2.16
0.335
2.129
0.303
2.176
0.396
2.17
0.28300000000000003
2.197
0.276
2.22
0.29
2.193
0.253
2.216
0.264
2.222
0.23900000000000002
2.247
0.245
2.237
0.233
2.278
0.196