
2.3970000000000002
0.055
1.983
1.252
0.519
2.428
0.066
1.928
1.2650000000000001
0.46900000000000003
2.449
0.067
1.938
1.285
0.442
2.432
0.052000000000000005
1.8840000000000001
1.313
0.434
2.461
0.061
1.9180000000000001
1.309
0.429
2.452
0.08600000000000001
1.92
1.357
0.433
2.447
0.084
1.883
1.357
0.40900000000000003
2.477
0.088
1.855
1.3860000000000001
0.382
2.461
0.123
1.877
1.4000000000000001
0.395
2.478
0.112
1.849
1.411
0.384
2.461
0.11
1.844
1.435
0.35100000000000003
2.482
0.115
1.7730000000000001
1.445
0.355
2.487
0.125
1.786
1.436
0.352
2.466
0.122
1.7710000000000001
1.452
0.34500000000000003
2.494
0.146
1.768
1.452
0.328
2.478
0.145
1.793
1.409
0.308
2.473
0.17400000000000002
1.747
1.51
0.324
2.471
0.154
1.762
1.5190000000000001
0.28600000000000003
2.5
0.164
1.726
1.5310000000000001
0.274
2.479
0.159
1.741
1.5330000000000001
0.276
2.495
0.162
1.698
1.5350000000000001
0.261
2.479
0.199
1.685
1.572
0.277
2.474
0.203
1.693
1.581
0.28300000000000003
2.492
0.20600000000000002
1.689
1.57
0.257
2.503
0.226
1.668
1.618
0.248
2.517
0.211
1.655
1.622
0.211
2.485
0.24
1.6340000000000001
1.649
0.23600000000000002
2.472
0.25
1.599
1.6640000000000001
0.227
2.479
0.244
1.602
1.651
0.27
2.49
0.249
1.564
1.678
0.195
2.497
0.279
1.569
1.693
0.258
2.498
0.28200000000000003
1.5330000000000001
1.728
0.162
2.473
0.289
1.5010000000000001
1.736
0.154
2.473
0.319
1.485
1.754
0.145
2.494
0.326
1.465
1.78
0.145
2.494
0.34
1.475
1.776
0.136
2.462
0.337
1.436
1.817
0.132
2.474
0.374
1.3960000000000001
1.841
0.112
2.481
0.369
1.481
1.843
0.09
2.478
0.384
1.383
1.852
0.096
2.455
0.41500000000000004
1.348
1.885
0.10300000000000001
2.453
0.41200000000000003
1.324
1.9040000000000001
0.078
2.449
0.456
1.329
1.936
0.083
2.437
0.448
1.283
1.939
0.055
2.432
0.485
1.278
1.964
0.045
2.447
0.493
1.225
1.988
0.063
2.444
0.531
1.204
2.013
0.021
2.43
0.532
1.214
1.999
0.025
2.41
0.549
1.171
2.007
0.023
2.414
0.56
1.183
2.041
0.029
2.4130000000000003
0.5720000000000001
1.1320000000000001
2.036
0.043000000000000003
2.39
0.61
1.1420000000000001
2.071
0.042
2.3810000000000002
0.611
1.1480000000000001
2.059
0.006
2.384
0.622
1.125
2.095
0.004
2.39
0.622
1.124
2.104
0.028
2.371
0.652
1.082
2.102
0.001
2.349
0.662
1.055
2.116
0.0
2.378
0.668
1.061
2.126
0.0
2.347
0.658
1.0170000000000001
2.1310000000000002
0.012
2.341
0.683
1.022
2.142
0.014
2.361
0.708
1.03
2.146
0.01
2.313
0.6920000000000001
1.986
2.15
0.0
2.338
0.733
0.983
2.184
0.016
2.338
0.734
0.993
2.192
0.004
2.336
0.759
0.9530000000000001
2.181
0.003
2.313
0.761
0.921
2.215
0.0
2.293
0.78
0.911
2.205
0.0
2.279
0.811
0.917
2.229
0.0
2.262
0.8210000000000001
0.867
2.221
0.0
2.2680000000000002
0.8170000000000001
0.86
2.257
0.0
2.258
0.839
0.856
2.27
0.0
2.274
0.846
0.8270000000000001
2.279
0.005
2.245
0.895
0.846
2.278
0.001
2.249
0.895
0.794
2.2720000000000002
0.0
2.223
0.923
0.783
2.307
0.0
2.226
0.922
0.793
2.291
0.001
2.204
0.9580000000000001
0.769
2.32
0.0
2.197
0.9580000000000001
0.725
2.307
0.0
2.178
0.903
0.708
2.339
0.008
2.17
1.0170000000000001
0.707
2.355
0.03
2.152
1.0070000000000001
0.681
2.353
0.0
2.129
1.064
0.684
2.37
0.016
2.113
1.079
0.635
2.4090000000000003
0.014
2.097
1.042
0.654
2.387
0.023
2.057
1.093
0.621
2.4010000000000002
0.009000000000000001
2.063
1.131
0.597
2.4
0.031
2.048
1.133
0.584
2.403
0.024
2.031
1.159
0.577
2.407
0.049
2.021
1.201
0.559
2.416
0.065
1.984
1.214
0.512
2.416
0.049
2.015
1.249
0.493
2.445
0.06
1.991
1.278
0.455
2.449
0.058
1.928
1.278
0.482
2.439
0.062
1.9180000000000001
1.307
0.452
2.461
0.082
1.8840000000000001
1.337
0.41600000000000004
2.472
0.043000000000000003
1.872
1.369
0.419
2.455
0.10300000000000001
1.839
1.408
0.398
2.482
0.101
1.812
1.43
0.377
2.489
0.135
1.7890000000000001
1.451
0.358
2.481
0.15
1.87
1.49
0.326
2.464
0.137
1.77
1.483
0.32
2.478
0.166
1.745
1.5010000000000001
0.294
2.487
0.16
1.715
1.559
0.28600000000000003
2.505
0.165
1.712
1.562
0.278
2.481
0.202
1.68
1.578
0.249
2.482
0.211
1.6640000000000001
1.566
0.241
2.5060000000000002
0.228
1.6360000000000001
1.598
0.24
2.498
0.22
1.623
1.609
0.232
2.492
0.231
1.618
1.641
0.23600000000000002
2.496
0.246
1.585
1.676
0.216
2.5060000000000002
0.231
1.567
1.689
0.197
2.504
0.291
1.557
1.735
0.182
2.503
0.329
1.53
1.768
0.139
2.5
0.311
1.479
1.778
0.139
2.481
0.34
1.465
1.764
0.145
2.477
0.34900000000000003
1.438
1.828
0.116
2.473
0.381
1.412
1.815
0.127
2.497
0.387
1.419
1.862
0.126
2.468
0.377
1.383
1.8780000000000001
0.082
2.449
0.422
1.353
1.8960000000000001
0.09
2.449
0.449
1.395
1.905
0.058
2.449
0.482
1.286
1.901
0.074
2.457
0.468
1.278
1.961
0.07
2.44
0.494
1.262
1.989
0.038
2.4130000000000003
0.513
1.227
1.979
0.026000000000000002
2.4210000000000003
0.552
1.192
2.0460000000000003
0.048
2.415
0.588
1.177
2.0260000000000002
0.024
2.3970000000000002
0.51
1.127
2.063
0.014
2.382
0.62
1.137
2.084
0.029
2.3810000000000002
0.63
1.097
2.125
0.016
2.384
0.663
1.072
2.116
0.001
2.378
0.651
1.041
2.116
0.036000000000000004
2.361
0.6950000000000001
1.029
2.1550000000000002
0.0
2.341
0.6970000000000001
0.979
2.168
0.0
2.337
0.736
1.0030000000000001
2.189
0.0
2.328
0.75
0.961
2.102
0.0
2.295
0.779
0.925
2.221
0.0
2.297
0.796
0.885
2.236
0.016
2.25
0.84
0.877
2.262
0.003
2.254
0.855
0.846
2.287
0.0
2.257
0.874
0.839
2.262
0.0
2.241
0.924
0.811
2.295
0.0
2.207
0.925
0.756
2.319
0.0
2.193
0.982
0.742
2.328
0.002
2.152
0.992
0.726
2.324
0.0
2.126
1.004
0.7030000000000001
2.342
0.0
2.134
1.036
0.672
2.349
0.007
2.104
1.075
0.649
2.347
0.012
2.099
1.093
0.65
2.388
0.0
2.083
1.111
0.592
2.3970000000000002
0.037
2.054
1.129
0.599
2.3970000000000002
0.019
2.036
1.183
0.547
2.42
0.028
2.005
1.185
0.543
2.423
0.048
2.0100000000000002
1.225
0.516
2.426
0.062
1.977
1.225
0.483
2.44
0.038
1.984
1.238
0.518
2.441
0.049
1.965
1.296
0.451
2.473
0.08600000000000001
1.941
1.324
0.448
2.458
0.079
1.9020000000000001
1.32
0.431
2.445
0.085
1.8860000000000001
1.356
0.419
2.471
0.112
1.877
1.3820000000000001
0.425
2.445
0.116
1.841
1.412
0.396
2.478
0.096
1.807
1.403
0.361
2.492
0.14
1.809
1.425
0.353
2.479
0.129
1.788
1.453
0.334
2.49
0.167
1.736
1.5070000000000001
0.324
2.493
0.157
1.738
1.538
0.278
2.498
0.191
1.726
1.564
0.273
2.4050000000000002
0.203
1.702
1.588
0.253
2.503
0.2
1.678
1.604
0.245
2.478
0.216
1.639
1.614
0.244
2.484
0.24
1.627
1.643
0.228
2.5020000000000002
0.25
1.617
1.651
0.23
2.498
0.259
1.591
1.683
0.186
2.5100000000000002
0.261
1.58
1.722
0.19
2.496
0.261
1.5330000000000001
1.711
0.186
2.5020000000000002
0.28
1.528
1.743
0.177
2.473
0.315
1.5
1.762
0.152
2.487
0.323
1.48
1.764
0.153
2.497
0.337
1.464
1.795
0.136
2.471
0.342
1.43
1.805
0.137
2.474
0.385
1.417
1.833
0.12
2.479
0.382
1.414
1.854
0.09
2.468
0.39
1.348
1.872
0.088
2.449
0.418
1.349
1.889
0.099
2.468
0.427
1.327
1.915
0.065
2.445
0.483
1.296
1.954
0.08700000000000001
2.46
0.447
1.29
1.947
0.061
2.452
0.499
1.228
1.971
0.07
2.4210000000000003
0.502
1.223
1.992
0.049
2.415
0.549
1.204
2.013
0.046
2.395
0.556
1.137
2.033
0.012
2.4130000000000003
0.587
1.154
2.058
0.007
2.382
0.605
1.106
2.123
0.028
2.384
0.663
1.07
2.113
0.001
2.37
0.685
1.044
2.123
0.004
2.339
0.6920000000000001
1.0
2.1390000000000002
0.0
2.331
0.74
0.971
2.187
0.0
2.328
0.751
0.9420000000000001
2.229
0.0
2.289
0.81
0.899
2.225
0.0
2.278
0.785
0.903
2.215
0.004
2.278
0.8210000000000001
0.864
2.213
0.0
2.244
0.848
0.839
2.262
0.0
2.229
0.889
0.809
2.271
0.0
2.223
0.901
0.78
2.286
0.0
2.216
0.9420000000000001
0.784
2.328
0.0
2.1750000000000003
0.96
0.747
2.31
0.0
2.172
0.995
0.6990000000000001
2.328
0.0
2.137
1.03
0.7030000000000001
2.337
0.0
2.104
1.065
0.672
2.367
0.02
2.108
1.074
0.64
2.371
0.034
2.068
1.116
0.613
2.384
0.021
2.067
1.159
0.5760000000000001
2.403
0.023
2.031
1.192
0.533
2.423
0.02
2.0100000000000002
1.238
0.514
2.442
0.063
1.991
1.2750000000000001
0.505
2.407
0.064
1.957
1.266
0.448
2.439
0.091
1.9040000000000001
1.307
0.435
2.455
0.083
1.9040000000000001
1.348
0.428
2.452
0.107
1.855
1.409
0.395
2.471
0.096
1.834
1.419
0.394
2.478
0.14100000000000001
1.82
1.419
0.359
2.482
0.14200000000000002
1.788
1.478
0.322
2.469
0.128
1.782
1.493
0.302
2.468
0.158
1.743
1.481
0.306
2.495
0.162
1.71
1.556
0.3
2.494
0.17
1.707
1.557
0.274
2.49
0.199
1.689
1.581
0.23600000000000002
2.479
0.209
1.661
1.58
0.233
2.499
0.228
1.629
1.6520000000000001
0.23900000000000002
2.498
0.227
1.617
1.6560000000000001
0.24
2.496
0.276
1.598
1.672
0.212
2.477
0.258
1.552
1.607
0.217
2.486
0.299
1.538
1.693
0.178
2.477
0.315
1.547
1.729
0.157
2.503
0.307
1.512
1.747
0.157
2.565
0.318
1.449
1.7750000000000001
0.161
2.478
0.35000000000000003
1.455
1.7910000000000001
0.133
2.471
0.362
1.434
1.831
0.10300000000000001
2.476
0.4
1.401
1.838
0.105
2.49
0.404
1.395
1.881
0.077
2.446
0.402
1.364
1.901
0.073
2.451
0.436
1.312
1.919
0.059000000000000004
2.457
0.44
1.311
1.928
0.062
2.447
0.47500000000000003
1.2750000000000001
1.968
0.061
2.453
0.516
1.2530000000000001
1.968
0.051000000000000004
2.428
0.518
1.236
1.984
0.036000000000000004
2.42
0.546
1.211
2.029
0.054
2.419
0.544
1.191
2.036
0.051000000000000004
2.3890000000000002
0.593
1.129
2.062
0.022
2.407
0.626
1.133
2.084
0.023
2.3890000000000002
0.642
1.111
2.07
0.0
2.371
0.655
1.076
2.112
0.0
2.374
0.664
1.053
2.146
0.01
2.354
0.6980000000000001
1.004
2.154
0.0
2.34
0.7000000000000001
0.009000000000000001
2.1710000000000003
0.012
2.308
0.746
0.967
2.183
0.012
2.328
0.737
0.961
2.194
0.002
2.281
0.751
0.929
2.199
0.005
2.278
0.8220000000000001
0.914
2.231
0.0
2.2600000000000002
0.8220000000000001
0.89
2.242
0.008
2.258
0.846
0.867
2.242
0.0
2.246
0.888
0.844
2.271
0.0
2.251
0.869
0.805
2.294
0.007
2.226
0.906
0.795
2.294
0.0
2.22
0.93
0.78
2.313
0.0
2.162
0.9530000000000001
0.769
2.323
0.0
2.1710000000000003
0.97
0.753
2.302
0.0
2.168
0.985
0.6900000000000001
2.313
0.009000000000000001
2.158
0.995
0.718
2.358
0.0
2.137
1.0170000000000001
0.6980000000000001
2.334
0.012
2.1470000000000002
1.053
0.67
2.364
0.01
2.104
1.045
0.643
2.367
0.0
2.11
1.077
0.653
2.368
0.025
2.099
1.079
0.618
2.384
0.0
2.091
1.111
0.609
2.402
0.01
2.031
1.133
0.5760000000000001
2.399
0.04
2.036
1.159
0.5720000000000001
2.399
0.032
2.017
1.17
0.547
2.439
0.032
2.0180000000000002
1.243
0.51
2.434
0.058
1.991
1.24
0.513
2.4210000000000003
0.064
1.96
1.27
0.48
2.442
0.07
1.955
1.284
0.488
2.447
0.08700000000000001
1.928
1.301
0.464
2.465
0.083
1.891
1.328
0.431
2.441
0.107
1.853
1.356
0.41500000000000004
2.457
0.08700000000000001
1.861
1.41
0.367
2.482
0.126
1.851
1.403
0.365
2.484
0.117
1.809
1.441
0.373
2.49
0.128
1.784
1.491
0.35000000000000003
2.497
0.16
1.75
1.466
0.331
2.487
0.163
1.747
1.512
0.294
2.474
0.159
1.737
1.5230000000000001
0.298
2.47
0.202
1.707
1.562
0.262
2.467
0.195
1.671
1.552
0.243
2.483
0.222
1.645
1.611
0.211
2.511
0.20400000000000001
1.625
1.6540000000000001
0.20700000000000002
2.473
0.245
1.624
1.643
0.217
2.489
0.264
1.608
1.672
0.202
2.482
0.254
1.572
1.692
0.198
2.49
0.296
1.516
1.728
0.171
2.481
0.29
1.522
1.7570000000000001
0.166
2.473
0.315
1.488
1.7770000000000001
0.157
2.468
0.336
1.467
1.797
0.14
2.486
0.362
1.446
1.818
0.122
2.46
0.365
1.423
1.841
0.116
2.463
0.393
1.385
1.881
0.101
2.469
0.40800000000000003
1.333
1.8840000000000001
0.095
2.447
0.40900000000000003
1.335
1.893
0.08700000000000001
2.453
0.44
1.333
1.93
0.055
2.441
0.47000000000000003
1.301
1.945
0.08600000000000001
2.444
0.493
1.268
1.942
0.048
2.447
0.47300000000000003
1.268
1.9040000000000001
0.035
2.444
0.525
1.248
1.978
0.025
2.415
0.531
1.217
2.012
0.045
2.408
0.546
1.214
2.0100000000000002
0.033
2.42
0.589
1.185
2.049
0.042
2.4210000000000003
0.5640000000000001
1.154
2.048
0.041
2.399
0.5710000000000001
1.125
2.062
0.027
2.4050000000000002
0.585
1.111
2.1
0.037
2.392
0.627
1.108
2.076
0.036000000000000004
2.384
0.651
1.075
2.105
0.014
2.379
0.642
1.079
2.081
0.021
2.345
0.674
1.051
2.125
0.041
2.337
0.657
1.056
2.158
0.013000000000000001
2.339
0.605
1.029
2.1550000000000002
0.006
2.352
0.73
1.008
2.1310000000000002
0.0
2.349
0.73
0.984
2.1710000000000003
0.011
2.325
0.72
0.964
2.2
0.0
2.331
0.742
0.962
2.17
0.0
2.313
0.782
0.932
2.197
0.008
2.307
0.78
0.904
2.201
0.01
2.278
0.81
0.897
2.216
0.0
2.283
0.834
0.893
2.2520000000000002
0.0
2.2640000000000002
0.838
0.876
2.233
0.0
2.249
0.842
0.867
2.2600000000000002
0.0
2.257
0.888
0.851
2.247
0.0
2.247
0.887
0.8130000000000001
2.283
0.0
2.22
0.88
0.801
2.299
0.011
2.223
0.913
0.792
2.3040000000000003
0.0
2.204
0.972
0.764
2.316
0.0
2.184
0.9510000000000001
0.722
2.31
0.0
2.187
0.979
0.731
2.346
0.0
2.179
1.0050000000000001
0.721
2.344
0.0
2.144
1.0210000000000001
0.6890000000000001
2.347
0.016
2.112
1.037
0.667
2.363
0.0
2.117
1.0190000000000001
0.68
2.37
0.0
2.128
1.05
0.633
2.378
0.0
2.107
1.073
0.662
2.357
0.016
2.11
1.085
0.623
2.383
0.002
2.071
1.116
0.597
2.3850000000000002
0.029
2.063
1.122
0.597
2.3890000000000002
0.02
2.052
1.124
0.587
2.419
0.018000000000000002
2.025
1.162
0.5700000000000001
2.423
0.056
2.021
1.172
0.553
2.4
0.053
2.0460000000000003
1.207
0.524
2.435
0.03
1.975
1.199
0.518
2.4290000000000003
0.027
1.969
1.23
0.521
2.445
0.056
1.983
1.249
0.49
2.4290000000000003
0.052000000000000005
1.944
1.27
0.453
2.432
0.055
1.942
1.282
0.47600000000000003
2.449
0.066
1.8860000000000001
1.332
0.47400000000000003
2.442
0.075
1.9100000000000001
1.339
0.425
2.448
0.083
1.8960000000000001
1.355
0.433
2.466
0.111
1.889
1.371
0.40900000000000003
2.461
0.1
1.841
1.3780000000000001
0.381
2.487
0.139
1.83
1.435
0.371
2.481
0.106
1.7730000000000001
1.435
0.35000000000000003
2.464
0.115
1.804
1.449
0.361
2.478
0.136
1.7650000000000001
1.481
0.308
2.489
0.161
1.7590000000000001
1.486
0.321
2.494
0.147
1.73
1.488
0.294
2.497
0.178
1.696
1.549
0.28800000000000003
2.505
0.196
1.73
1.565
0.28400000000000003
2.494
0.186
1.68
1.567
0.273
2.481
0.183
1.667
1.572
0.256
2.482
0.219
1.671
1.593
0.246
2.494
0.20600000000000002
1.643
1.6360000000000001
0.25
2.511
0.23500000000000001
1.6360000000000001
1.6360000000000001
0.226
2.473
0.254
1.599
1.6620000000000001
0.196
2.474
0.247
1.609
1.665
0.299
2.496
0.261
1.569
1.697
0.19
2.486
0.252
1.552
1.704
0.193
2.492
0.281
1.5150000000000001
1.73
0.166
2.497
0.301
1.5230000000000001
1.7550000000000001
0.17
2.497
0.341
1.496
1.774
0.134
2.486
0.34400000000000003
1.443
1.81
0.138
2.465
0.35100000000000003
1.43
1.788
0.128
2.484
0.388
1.491
1.849
0.126
2.482
0.404
1.371
1.859
0.122
2.449
0.332
1.3800000000000001
1.805
0.082
2.478
0.431
1.355
1.8920000000000001
0.074
2.465
0.434
1.322
1.909
0.083
2.432
0.47900000000000004
1.292
1.936
0.042
2.444
0.488
1.25
1.988
0.033
2.4250000000000003
0.524
1.219
1.994
0.054
2.407
0.547
1.207
2.0060000000000002
0.048
2.407
0.554
1.188
2.017
0.033
2.403
0.582
1.187
2.0380000000000003
0.038
2.387
0.591
1.145
2.067
0.015
2.384
0.579
1.133
2.075
0.01
2.39
0.616
1.093
2.08
0.023
2.371
0.637
1.093
2.089
0.0
2.371
0.643
1.066
2.113
0.007
2.361
0.659
1.0030000000000001
2.118
0.0
2.366
0.6900000000000001
1.0170000000000001
2.128
0.015
2.357
0.711
1.087
2.157
0.0
2.342
0.727
0.994
2.1750000000000003
0.008
2.328
0.75
0.988
2.188
0.0
2.308
0.772
0.9470000000000001
2.192
0.0
2.2920000000000003
0.788
0.93
2.204
0.0
2.2680000000000002
0.8280000000000001
0.906
2.218
0.0
2.255
0.8170000000000001
0.863
2.2680000000000002
0.0
2.242
0.836
0.859
2.242
0.0
2.241
0.884
0.842
2.283
0.0
2.197
0.846
0.809
2.297
0.0
2.22
0.9390000000000001
0.772
2.299
0.0
2.189
0.9470000000000001
0.763
2.315
0.003
2.1710000000000003
0.9560000000000001
0.74
2.323
0.008
2.17
0.984
0.74
2.342
0.01
2.158
0.999
0.6900000000000001
2.357
0.0
2.154
1.047
0.679
2.365
0.001
2.116
1.043
0.644
2.368
0.016
2.112
1.074
0.628
2.39
0.012
2.068
1.098
0.625
2.373
0.015
2.049
1.122
0.586
2.403
0.007
2.029
1.158
0.585
2.4
0.016
2.016
1.183
0.542
2.411
0.027
2.012
1.222
0.514
2.431
0.053
1.962
1.228
0.498
2.452
0.066
1.964
1.2630000000000001
0.47100000000000003
2.447
0.074
1.913
1.215
0.459
2.442
0.059000000000000004
1.923
1.315
0.436
2.452
0.096
1.897
1.3780000000000001
0.42
2.452
0.095
1.845
1.365
0.39
2.484
0.099
1.848
1.4040000000000001
0.396
2.489
0.13
1.834
1.43
0.374
2.474
0.11800000000000001
1.802
1.44
0.367
2.484
0.154
1.796
1.455
0.34500000000000003
2.489
0.14100000000000001
1.75
1.476
0.337
2.489
0.154
1.7510000000000001
1.488
0.3
2.503
0.184
1.72
1.5230000000000001
0.294
2.503
0.185
1.696
1.57
0.25
2.487
0.181
1.692
1.567
0.27
2.482
0.20700000000000002
1.667
1.593
0.23800000000000002
2.505
0.215
1.617
1.635
0.23600000000000002
2.511
0.23
1.604
1.623
0.226
2.507
0.269
1.561
1.689
0.18
2.497
0.261
1.568
1.681
0.192
2.487
0.291
1.546
1.701
0.197
2.478
0.298
1.5230000000000001
1.733
0.17400000000000002
2.481
0.296
1.481
1.76
0.154
2.482
0.34
1.486
1.7650000000000001
0.149
2.513
0.32
1.464
1.809
0.099
2.485
0.342
1.425
1.823
0.128
2.471
0.365
1.425
1.823
0.116
2.468
0.365
1.389
1.848
0.10400000000000001
2.468
0.364
1.383
1.859
0.08
2.482
0.41500000000000004
1.365
1.8960000000000001
0.10300000000000001
2.447
0.444
1.365
1.8840000000000001
0.098
2.468
0.428
1.307
1.917
0.07
2.469
0.458
1.288
1.955
0.056
2.453
0.484
1.288
1.939
0.058
2.4290000000000003
0.494
1.236
1.9040000000000001
0.049
2.449
0.502
1.233
2.004
0.06
2.41
0.525
1.195
2.023
0.029
2.436
0.5670000000000001
1.181
2.021
0.018000000000000002
2.399
0.579
1.163
2.057
0.035
2.382
0.5760000000000001
1.133
2.068
0.023
2.382
0.606
1.113
2.079
0.032
2.371
0.636
1.075
2.123
0.0
2.35
0.68
1.057
2.129
0.016
2.368
0.68
1.048
2.152
0.02
2.37
0.707
1.016
2.142
0.0
2.344
0.718
0.998
2.156
0.003
2.33
0.763
0.964
2.2
0.01
2.289
0.758
0.934
2.183
0.0
2.297
0.805
0.898
2.216
0.005
2.287
0.794
0.897
2.216
0.0
2.273
0.845
0.863
2.245
0.0
2.247
0.843
0.844
2.271
0.0
2.253
0.864
0.801
2.286
0.0
2.221
0.906
0.841
2.278
0.004
2.223
0.9380000000000001
0.769
2.299
0.0
2.179
0.967
0.753
2.336
0.006
2.191
0.995
0.732
2.342
0.0
2.162
1.016
0.715
2.345
0.017
2.1390000000000002
1.028
0.666
2.365
0.017
2.138
1.035
0.6980000000000001
2.355
0.012
2.113
1.07
0.654
2.374
0.013000000000000001
2.086
1.075
0.63
2.365
0.005
2.073
1.102
0.63
2.373
0.025
2.076
1.143
0.592
2.4
0.023
2.054
1.141
0.595
2.387
0.034
2.057
1.157
0.581
2.412
0.016
2.031
1.162
0.548
2.499
0.054
2.0340000000000003
1.194
0.536
2.439
0.026000000000000002
1.992
1.174
0.541
2.44
0.038
2.076
1.187
0.518
2.44
0.055
1.997
1.2690000000000001
0.533
2.436
0.062
1.974
1.276
0.492
2.431
0.059000000000000004
1.939
1.298
0.47000000000000003
2.449
0.07200000000000001
1.941
1.284
0.481
2.461
0.061
1.913
1.32
0.458
2.465
0.064
1.8940000000000001
1.325
0.423
2.452
0.08700000000000001
1.8800000000000001
1.349
0.403
2.468
0.113
1.854
1.3940000000000001
0.402
2.478
0.095
1.833
1.375
0.377
2.468
0.125
1.836
1.432
0.376
2.481
0.135
1.82
1.452
0.374
2.494
0.126
1.7870000000000001
1.451
0.329
2.473
0.163
1.7510000000000001
1.484
0.319
2.5100000000000002
0.146
1.747
1.514
0.298
2.479
0.19
1.797
1.552
0.265
2.504
0.177
1.714
1.558
0.279
2.492
0.213
1.709
1.609
0.255
2.503
0.21
1.6280000000000001
1.596
0.257
2.484
0.232
1.641
1.639
0.229
2.482
0.224
1.688
1.6440000000000001
0.202
2.477
0.23600000000000002
1.586
1.6520000000000001
0.184
2.482
0.257
1.577
1.703
0.199
2.5
0.278
1.537
1.725
0.191
2.503
0.326
1.5350000000000001
1.735
0.162
2.497
0.327
1.52
1.7570000000000001
0.132
2.487
0.324
1.478
1.7890000000000001
0.124
2.467
0.35000000000000003
1.457
1.807
0.11900000000000001
2.461
0.34600000000000003
1.412
1.818
0.135
2.49
0.38
1.415
1.844
0.10400000000000001
2.483
0.41300000000000003
1.387
1.8840000000000001
0.084
2.486
0.444
1.338
1.8960000000000001
0.097
2.455
0.443
1.353
1.92
0.091
2.435
0.455
1.324
1.931
0.057
2.449
0.492
1.283
1.952
0.06
2.453
0.492
1.248
1.998
0.066
2.439
0.485
1.218
1.994
0.059000000000000004
2.432
0.53
1.236
2.0140000000000002
0.051000000000000004
2.4210000000000003
0.543
1.191
2.017
0.061
2.497
0.581
1.174
2.021
0.006
2.3970000000000002
0.59
1.173
2.049
0.029
2.41
0.578
1.122
2.052
0.02
2.399
0.618
1.087
2.104
0.008
2.384
0.653
1.082
2.113
0.022
2.378
0.655
1.068
2.107
0.001
2.337
0.6880000000000001
1.03
2.128
0.0
2.337
0.676
1.0010000000000001
2.152
0.0
2.331
0.6930000000000001
1.025
2.134
0.0
2.318
0.732
0.985
2.178
0.006
2.322
0.745
0.961
2.191
0.0
2.2920000000000003
0.741
0.9510000000000001
2.204
0.0
2.2760000000000002
0.784
0.895
2.226
0.0
2.2840000000000003
0.8230000000000001
0.896
2.234
0.006
2.332
0.835
0.871
2.2600000000000002
0.0
2.265
0.871
0.834
2.262
0.0
2.255
0.892
0.812
2.291
0.0
2.241
0.925
0.787
2.31
0.0
2.189
0.937
0.755
2.281
0.013000000000000001
2.1750000000000003
0.9450000000000001
0.743
2.316
0.0
2.19
1.004
0.74
2.339
0.008
2.16
1.0
0.6970000000000001
2.35
0.016
2.121
1.043
0.6920000000000001
2.357
0.022
2.15
1.056
0.663
2.361
0.02
2.121
1.056
0.637
2.366
0.018000000000000002
2.089
1.072
0.639
2.37
0.021
2.113
1.129
0.641
2.4010000000000002
0.019
2.06
1.1
0.5740000000000001
2.386
0.019
2.044
1.1400000000000001
0.581
2.41
0.012
2.058
1.162
0.5700000000000001
2.392
0.046
2.013
1.174
0.534
2.39
0.017
2.0020000000000002
1.187
0.535
2.42
0.055
1.989
1.216
0.521
2.44
0.065
1.997
1.238
0.492
2.4290000000000003
0.07200000000000001
1.974
1.274
0.488
2.49
0.074
1.955
1.296
0.454
2.457
0.054
1.942
1.327
0.451
2.443
0.066
1.9100000000000001
1.315
0.452
2.436
0.085
1.911
1.364
0.422
2.449
0.11800000000000001
1.901
1.365
0.398
2.468
0.094
1.873
1.399
0.4
2.503
0.112
1.825
1.3860000000000001
0.39
2.486
0.114
1.852
1.42
0.36
2.468
0.14200000000000002
1.83
1.442
0.389
2.497
0.12
1.812
1.433
0.364
2.471
0.128
1.801
1.465
0.343
2.477
0.127
1.794
1.451
0.322
2.474
0.137
1.7550000000000001
1.485
0.306
2.503
0.14
1.718
1.497
0.315
2.497
0.147
1.736
1.5310000000000001
0.28300000000000003
2.498
0.162
1.723
1.539
0.259
2.508
0.195
1.69
1.585
0.24
2.497
0.2
1.663
1.597
0.228
2.49
0.228
1.659
1.528
0.233
2.498
0.257
1.627
1.62
0.244
2.487
0.20800000000000002
1.633
1.6440000000000001
0.23600000000000002
2.479
0.228
1.606
1.675
0.203
2.497
0.258
1.567
1.693
0.19
2.5
0.278
1.542
1.684
0.191
2.494
0.269
1.5330000000000001
1.731
0.196
2.49
0.291
1.5330000000000001
1.735
0.161
2.486
0.324
1.5150000000000001
1.747
0.17400000000000002
2.472
0.322
1.488
1.7710000000000001
0.14
2.481
0.34800000000000003
1.46
1.7890000000000001
0.146
2.471
0.357
1.425
1.7910000000000001
0.112
2.493
0.375
1.399
1.826
0.109
2.46
0.374
1.494
1.83
0.096
2.487
0.402
1.385
1.867
0.091
2.461
0.398
1.359
1.881
0.07
2.467
0.40800000000000003
1.319
1.881
0.10300000000000001
2.463
0.45
1.324
1.901
0.074
2.4250000000000003
0.46
1.312
1.941
0.064
2.432
0.492
1.307
1.9120000000000001
0.074
2.455
0.46900000000000003
1.236
1.971
0.049
2.426
0.499
1.23
1.95
0.051000000000000004
2.426
0.537
1.222
2.004
0.058
2.4090000000000003
0.523
1.224
1.999
0.025
2.407
0.5660000000000001
1.204
2.054
0.025
2.4210000000000003
0.5690000000000001
1.171
2.063
0.02
2.395
0.601
1.1340000000000001
2.062
0.019
2.3970000000000002
0.585
1.119
2.087
0.02
2.395
0.646
1.1
2.083
0.012
2.384
0.656
1.061
2.092
0.014
2.355
0.679
1.027
2.125
0.013000000000000001
2.353
0.68
1.008
2.134
0.0
2.351
0.705
1.0030000000000001
2.145
0.014
2.331
0.714
1.004
2.165
0.0
2.321
0.747
0.964
2.179
0.012
2.312
0.779
0.9470000000000001
2.237
0.0
2.301
0.804
0.925
2.19
0.0
2.294
0.727
0.908
2.245
0.0
2.274
0.834
0.863
2.247
0.0
2.2520000000000002
0.84
0.846
2.253
0.0
2.255
0.875
0.835
2.2680000000000002
0.0
2.245
0.87
0.808
2.2800000000000002
0.0
2.234
0.9480000000000001
0.789
2.275
0.005
2.204
0.937
0.764
2.32
0.0
2.184
0.9380000000000001
0.788
2.313
0.0
2.176
0.972
0.733
2.31
0.0
2.164
0.984
0.722
2.331
0.014
2.1710000000000003
1.033
0.6980000000000001
2.349
0.012
2.126
1.033
0.669
2.365
0.012
2.108
1.085
0.659
2.367
0.01
2.121
1.112
0.643
2.368
0.031
2.086
1.108
0.609
2.376
0.016
2.067
1.12
0.592
2.386
0.008
2.047
1.1420000000000001
0.552
2.39
0.033
2.0340000000000003
1.178
0.5680000000000001
2.42
0.029
2.029
1.114
0.543
2.41
0.042
2.0020000000000002
1.22
0.527
2.434
0.062
1.988
1.243
0.502
2.444
0.059000000000000004
1.944
1.2590000000000001
0.47800000000000004
2.426
0.066
1.952
1.288
0.484
2.44
0.069
1.921
1.304
0.46
2.465
0.074
1.931
1.336
0.453
2.465
0.083
1.9040000000000001
1.361
0.41500000000000004
2.444
0.113
1.865
1.3800000000000001
0.421
2.481
0.116
1.863
1.365
0.396
2.455
0.11800000000000001
1.85
1.433
0.361
2.478
0.107
1.7910000000000001
1.42
0.354
2.489
0.14
1.805
1.459
0.332
2.466
0.127
1.778
1.401
0.312
2.489
0.14400000000000002
1.768
1.5230000000000001
0.323
2.47
0.15
1.747
1.494
0.28200000000000003
2.487
0.163
1.691
1.541
0.294
2.503
0.19
1.688
1.583
0.269
2.503
0.183
1.696
1.572
0.266
2.492
0.233
1.678
1.622
0.248
2.492
0.217
1.627
1.6380000000000001
0.232
2.47
0.214
1.614
1.627
0.224
2.477
0.247
1.683
1.667
0.216
2.485
0.265
1.598
1.673
0.214
2.497
0.28600000000000003
1.562
1.704
0.186
2.461
0.292
1.536
1.746
0.179
2.498
0.319
1.504
1.762
0.147
2.478
0.331
1.51
1.7750000000000001
0.14300000000000002
2.487
0.315
1.47
1.77
0.127
2.465
0.356
1.452
1.802
0.146
2.461
0.388
1.44
1.826
0.12
2.479
0.401
1.424
1.865
0.098
2.458
0.369
1.3940000000000001
1.875
0.123
2.469
0.41300000000000003
1.372
1.881
0.074
2.468
0.438
1.339
1.913
0.094
2.468
0.46
1.306
1.923
0.062
2.461
0.452
1.2730000000000001
1.928
0.066
2.46
0.47700000000000004
1.2730000000000001
1.975
0.041
2.428
0.506
1.238
1.994
0.033
2.418
0.536
1.209
2.017
0.036000000000000004
2.3970000000000002
0.5680000000000001
1.195
2.023
0.036000000000000004
2.396
0.581
1.167
2.055
0.036000000000000004
2.403
0.58
1.114
2.081
0.024
2.402
0.62
1.1
2.11
0.02
2.368
0.635
1.05
2.096
0.023
2.355
0.658
1.066
2.137
0.0
2.355
0.6950000000000001
1.025
2.152
0.0
2.349
0.6930000000000001
1.004
2.165
0.0
2.318
0.705
0.972
2.178
0.0
2.303
0.751
0.966
2.1750000000000003
0.008
2.308
0.746
0.964
2.174
0.0
2.312
0.768
0.924
2.21
0.016
2.303
0.806
0.914
2.229
0.0
2.287
0.795
0.892
2.234
0.0
2.281
0.8300000000000001
0.904
2.229
0.0
2.277
0.8250000000000001
0.85
2.255
0.0
2.244
0.851
0.836
2.274
0.005
2.241
0.876
0.84
2.2680000000000002
0.003
2.257
0.891
0.811
2.266
0.0
2.226
0.887
0.8190000000000001
2.318
0.0
2.202
0.926
0.796
2.313
0.001
2.202
0.9460000000000001
0.766
2.324
0.0
2.177
0.974
0.747
2.316
0.0
2.1550000000000002
0.978
0.734
2.318
0.004
2.164
0.999
0.706
2.32
0.017
2.137
1.016
0.6930000000000001
2.352
0.002
2.104
1.043
0.674
2.361
0.0
2.12
1.07
0.669
2.371
0.033
2.086
1.12
0.637
2.365
0.022
2.075
1.085
0.605
2.383
0.028
2.076
1.108
0.597
2.395
0.011
2.044
1.169
0.5670000000000001
2.414
0.033
2.049
1.166
0.547
2.4170000000000003
0.03
2.023
1.174
0.53
2.408
0.055
1.994
1.24
0.535
2.445
0.054
1.994
1.254
0.504
2.436
0.07
1.98
1.264
0.502
2.442
0.076
1.899
1.268
0.482
2.439
0.055
1.925
1.327
0.46900000000000003
2.453
0.066
1.8940000000000001
1.314
0.433
2.487
0.088
1.875
1.353
0.418
2.473
0.12
1.838
1.407
0.398
2.455
0.107
1.818
1.422
0.38
2.487
0.11900000000000001
1.823
1.442
0.361
2.465
0.124
1.807
1.441
0.355
2.492
0.153
1.7610000000000001
1.472
0.311
2.5
0.154
1.764
1.532
0.319
2.485
0.17
1.752
1.5070000000000001
0.276
2.481
0.178
1.734
1.562
0.28200000000000003
2.501
0.186
1.685
1.556
0.262
2.473
0.194
1.674
1.593
0.253
2.5
0.231
1.633
1.623
0.264
2.482
0.219
1.635
1.6620000000000001
0.23900000000000002
2.482
0.23500000000000001
1.552
1.665
0.215
2.527
0.254
1.553
1.694
0.186
2.497
0.265
1.593
1.697
0.201
2.511
0.267
1.5350000000000001
1.6360000000000001
0.188
2.476
0.327
1.536
1.738
0.163
2.49
0.203
1.5050000000000001
1.735
0.14100000000000001
2.489
0.332
1.512
1.7530000000000001
0.161
2.481
0.337
1.474
1.792
0.147
2.481
0.334
1.472
1.78
0.14
2.495
0.359
1.438
1.826
0.113
2.477
0.373
1.415
1.815
0.099
2.473
0.371
1.401
1.858
0.193
2.463
0.383
1.383
1.864
0.091
2.461
0.406
1.348
1.9020000000000001
0.10300000000000001
2.455
0.419
1.321
1.8800000000000001
0.078
2.461
0.437
1.314
1.8920000000000001
0.077
2.464
0.448
1.317
1.957
0.07
2.46
0.46
1.274
1.959
0.059000000000000004
2.441
0.506
1.232
1.976
0.053
2.4050000000000002
0.522
1.235
2.0260000000000002
0.053
2.404
0.556
1.19
1.997
0.047
2.411
0.556
1.156
2.0460000000000003
0.026000000000000002
2.43
0.622
1.145
2.062
0.041
2.3890000000000002
0.597
1.12
2.075
0.028
2.361
0.628
1.167
2.097
0.02
2.367
0.648
1.054
2.129
0.015
2.356
0.673
1.024
2.1390000000000002
0.016
2.351
0.7000000000000001
1.024
2.173
0.0
2.347
0.734
0.975
2.1710000000000003
0.0
2.326
0.725
0.9480000000000001
2.216
0.009000000000000001
2.323
0.754
0.914
2.21
0.0
2.286
0.788
0.998
2.24
0.004
2.265
0.809
0.881
2.255
0.0
2.2720000000000002
0.855
0.861
2.245
0.0
2.239
0.881
0.842
2.24
0.0
2.212
0.803
0.795
2.301
0.0
2.223
0.914
0.783
2.3000000000000003
0.0
2.178
0.966
0.732
2.307
0.012
2.208
0.967
0.736
2.319
0.0
2.165
0.986
0.716
2.345
0.0
2.123
1.025
0.6880000000000001
2.344
0.016
2.112
1.061
0.684
2.37
0.025
2.126
1.08
0.656
2.365
0.0
2.107
1.088
0.626
2.392
0.027
2.081
1.098
0.626
2.394
0.016
2.055
1.117
0.59
2.388
0.013000000000000001
2.0220000000000002
1.154
0.59
2.399
0.02
2.0180000000000002
1.174
0.536
2.4290000000000003
0.035
2.089
1.226
0.514
2.437
0.04
1.991
1.23
0.502
2.447
0.04
1.943
1.249
0.482
2.455
0.052000000000000005
1.939
1.294
0.448
2.434
0.085
1.909
1.301
0.44
2.444
0.091
1.986
1.336
0.41500000000000004
2.474
0.10300000000000001
1.844
1.373
0.392
2.463
0.1
1.864
1.3860000000000001
0.365
2.46
0.11900000000000001
1.83
1.4040000000000001
0.382
2.46
0.12
1.828
1.438
0.368
2.486
0.132
1.793
1.473
0.317
2.485
0.154
1.756
1.491
0.31
2.449
0.177
1.747
1.5230000000000001
0.29
2.479
0.157
1.709
1.541
0.294
2.498
0.181
1.695
1.532
0.265
2.492
0.196
1.681
1.559
0.28
2.486
0.202
1.672
1.612
0.233
2.466
0.20400000000000001
1.647
1.602
0.232
2.473
0.223