

1.423
2.352
0.358
0.687
2.474
1.069
0.12
2.104
1.82
0.001
1.393
2.3890000000000002
0.387
0.636
2.474
1.119
0.105
2.091
1.865
0.004
1.367
2.378
0.40800000000000003
0.626
2.474
1.122
0.10300000000000001
2.043
1.9160000000000001
0.034
1.341
2.399
0.431
0.562
2.444
1.181
0.068
2.037
1.928
0.046
1.395
2.427
0.47400000000000003
0.521
2.442
1.177
0.058
2.004
1.952
0.021
1.278
2.4050000000000002
0.47700000000000004
0.496
2.423
1.245
0.056
1.978
1.975
0.043000000000000003
1.245
2.434
0.512
0.49
2.428
1.266
0.025
1.963
1.985
0.067
1.237
2.434
0.541
0.451
2.438
1.2790000000000001
0.032
1.925
2.036
0.062
1.174
2.447
0.5720000000000001
0.43
2.3970000000000002
1.335
0.041
1.881
2.076
0.081
1.1320000000000001
2.473
0.61
0.396
2.3770000000000002
1.364
0.013000000000000001
1.855
2.1
0.12
1.1
2.477
0.649
0.394
2.368
1.43
0.0
1.794
2.129
0.136
1.028
2.503
0.672
0.33
2.336
1.472
0.008
1.796
2.165
0.17200000000000001
0.992
2.49
0.705
0.3
2.336
1.5190000000000001
0.0
1.7530000000000001
2.1750000000000003
0.165
0.982
2.487
0.738
0.28700000000000003
2.313
1.56
0.0
1.728
2.212
0.225
0.903
2.4050000000000002
0.792
0.261
2.279
1.606
0.0
1.6560000000000001
2.245
0.225
0.904
2.49
0.842
0.241
2.2520000000000002
1.6380000000000001
0.011
1.629
2.255
0.23600000000000002
0.8210000000000001
2.486
0.863
0.222
2.239
1.6620000000000001
0.0
1.552
2.291
0.253
0.8130000000000001
2.503
0.913
0.20700000000000002
2.206
1.704
0.0
1.559
2.306
0.3
0.776
2.489
0.962
0.164
2.1550000000000002
1.73
0.002
1.5250000000000001
2.318
0.3
0.737
2.482
0.98
0.17400000000000002
2.178
1.7750000000000001
0.011
1.498
2.349
0.33
0.729
2.479
0.008
0.14
2.148
1.768
0.0
1.444
2.339
0.342
0.674
2.459
1.066
0.11
2.113
1.832
0.022
1.411
2.36
0.382
0.664
2.477
1.089
0.116
2.077
1.873
0.03
1.375
2.3970000000000002
0.417
0.621
2.461
1.137
0.085
2.0420000000000003
1.891
0.025
1.351
2.4
0.43
0.585
2.468
1.174
0.062
2.029
1.939
0.033
1.309
2.428
0.465
0.539
2.452
1.211
0.066
2.0
1.946
0.026000000000000002
1.244
2.42
0.533
0.501
2.435
1.243
0.052000000000000005
1.975
2.016
0.062
1.183
2.453
0.538
0.461
2.415
1.2610000000000001
0.041
1.934
2.029
0.08
1.196
2.46
0.5760000000000001
0.444
2.426
1.332
0.008
1.8780000000000001
2.068
0.10200000000000001
1.1380000000000001
2.463
0.6
0.392
2.386
1.357
0.033
1.871
2.092
0.128
1.109
2.471
0.635
0.387
2.374
1.408
0.006
1.822
2.121
0.127
1.061
2.494
0.673
0.371
2.361
1.432
0.012
1.807
2.136
0.145
1.0030000000000001
2.497
0.716
0.334
2.342
1.46
0.004
1.7590000000000001
2.149
0.166
0.988
2.511
0.731
0.329
2.313
1.5250000000000001
0.0
1.694
2.182
0.187
0.9410000000000001
2.503
0.778
0.29
2.293
1.543
0.0
1.706
2.233
0.21
0.878
2.493
0.809
0.252
2.2840000000000003
1.61
0.0
1.6580000000000001
2.271
0.20600000000000002
0.846
2.503
0.871
0.209
2.246
1.6380000000000001
0.004
1.594
2.253
0.246
0.8320000000000001
2.503
0.879
0.216
2.229
1.69
0.009000000000000001
1.563
2.308
0.279
0.806
2.5020000000000002
0.935
0.17500000000000002
2.207
1.695
0.004
1.5350000000000001
2.294
0.28500000000000003
0.776
2.497
0.964
0.17200000000000001
2.19
1.717
0.0
1.514
2.326
0.309
0.738
2.503
0.988
0.164
2.15
1.794
0.0
1.477
2.328
0.318
0.71
2.468
1.028
0.154
2.1550000000000002
1.768
0.006
1.425
2.376
0.37
0.655
2.461
1.07
0.111
2.108
1.851
0.008
1.385
2.371
0.41300000000000003
0.644
2.454
1.111
0.012
2.097
1.865
0.033
1.343
2.495
0.425
0.594
2.44
1.145
0.083
2.031
1.917
0.021
1.319
2.4290000000000003
0.452
0.54
2.449
1.191
0.079
2.02
1.959
0.054
1.2610000000000001
2.418
0.5
0.51
2.439
1.235
0.035
1.963
1.984
0.061
1.256
2.431
0.546
0.47300000000000003
2.439
1.2670000000000001
0.053
1.941
2.032
0.10400000000000001
1.193
2.458
0.592
0.456
2.408
1.344
0.041
1.881
2.067
0.097
1.116
2.478
0.601
0.423
2.402
1.3840000000000001
0.026000000000000002
1.859
2.084
0.092
1.104
2.469
0.623
0.371
2.358
1.435
0.016
1.826
2.11
0.117
1.038
2.473
0.667
0.358
2.361
1.435
0.004
1.78
2.152
0.149
1.0190000000000001
2.469
0.722
0.331
2.341
1.478
0.02
1.762
2.1710000000000003
0.165
1.083
2.471
0.734
0.304
2.32
1.528
0.005
1.734
2.196
0.166
0.9420000000000001
2.501
0.783
0.291
2.327
1.539
0.0
1.69
2.2
0.113
0.927
2.497
0.798
0.26
2.283
1.578
0.0
1.676
2.231
0.201
0.89
2.486
0.846
0.248
2.255
1.593
0.0
1.659
2.257
0.20400000000000001
0.866
2.478
0.858
0.232
2.242
1.643
0.008
1.629
2.2600000000000002
0.255
0.803
2.474
0.89
0.197
2.213
1.681
0.0
1.602
2.291
0.273
0.811
2.503
0.893
0.176
2.22
1.708
0.0
1.539
2.3000000000000003
0.3
0.759
2.474
0.975
0.163
2.184
1.746
0.003
1.52
2.32
0.324
0.733
2.498
0.996
0.134
2.164
1.78
0.009000000000000001
1.456
2.349
0.339
0.687
2.49
1.024
0.154
2.136
1.826
0.013000000000000001
1.451
2.353
0.363
0.672
2.487
1.068
0.10300000000000001
2.11
1.837
0.019
1.3940000000000001
2.36
0.402
0.626
2.468
1.104
0.095
2.065
1.857
0.018000000000000002
1.354
2.379
0.396
0.593
2.445
1.1360000000000001
0.07
2.063
1.9040000000000001
0.012
1.325
2.394
0.439
0.543
2.439
1.158
0.061
2.011
1.946
0.029
1.296
2.416
0.45
0.547
2.477
1.217
0.049
1.983
1.967
0.062
1.2530000000000001
2.423
0.51
0.498
2.416
1.2770000000000001
0.041
1.962
1.975
0.066
1.23
2.4290000000000003
0.533
0.49
2.428
1.296
0.008
1.925
2.035
0.092
1.187
2.465
0.587
0.421
2.43
1.333
0.017
1.8940000000000001
2.044
0.097
1.121
2.46
0.616
0.405
2.382
1.354
0.032
1.873
2.089
0.092
1.103
2.469
0.636
0.376
2.39
1.399
0.0
1.854
2.102
0.136
1.071
2.471
0.655
0.356
2.352
1.443
0.0
1.78
2.146
0.128
1.02
2.484
0.6920000000000001
0.302
2.354
1.496
0.0
1.7550000000000001
2.1470000000000002
0.153
0.967
2.485
0.731
0.28500000000000003
2.328
1.539
0.0
1.746
2.1750000000000003
0.178
0.924
2.503
0.766
0.263
2.27
1.564
0.0
1.675
2.223
0.188
0.919
2.496
0.798
0.251
2.287
1.582
0.0
1.673
2.246
0.234
0.885
2.494
0.846
0.213
2.245
1.6420000000000001
0.0
1.6380000000000001
2.281
0.243
0.8220000000000001
2.503
0.887
0.242
2.242
1.676
0.0
1.58
2.31
0.269
0.792
2.5020000000000002
0.899
0.182
2.204
1.707
0.0
1.552
2.32
0.28200000000000003
0.75
2.494
0.9510000000000001
0.19
2.2
1.734
0.014
1.495
2.337
0.294
0.738
2.461
1.0030000000000001
0.171
2.1750000000000003
1.76
0.004
1.467
2.321
0.32
0.7030000000000001
2.482
1.041
0.128
2.126
1.817
0.009000000000000001
1.417
2.344
0.379
0.647
2.479
1.087
0.112
2.086
1.851
0.006
1.391
2.394
0.421
0.589
2.466
1.137
0.096
2.074
1.901
0.029
1.342
2.408
0.444
0.548
2.449
1.196
0.085
2.0060000000000002
1.959
0.039
1.2570000000000001
2.4210000000000003
0.489
0.523
2.455
1.196
0.07
1.974
1.955
0.044
1.232
2.423
0.513
0.47000000000000003
2.4170000000000003
1.26
0.026000000000000002
1.939
2.02
0.08600000000000001
1.287
2.437
0.5640000000000001
0.456
2.416
1.302
0.043000000000000003
1.909
2.061
0.083
1.157
2.468
0.585
0.423
2.4
1.393
0.029
1.872
2.077
0.092
1.098
2.49
0.638
0.373
2.384
1.3960000000000001
0.028
1.838
2.126
0.132
1.065
2.463
0.649
0.365
2.358
1.448
0.015
1.807
2.136
0.145
1.035
2.508
0.7010000000000001
0.34900000000000003
2.367
1.498
0.015
1.774
2.166
0.153
0.99
2.5
0.723
0.311
2.32
1.546
0.0
1.738
2.195
0.166
0.933
2.499
0.774
0.281
2.294
1.543
0.0
1.678
2.226
0.217
0.909
2.503
0.808
0.261
2.294
1.5010000000000001
0.0
1.6440000000000001
2.2520000000000002
0.231
0.861
2.476
0.854
0.213
2.255
1.653
0.0
1.593
2.2600000000000002
0.262
0.8210000000000001
2.505
0.919
0.20700000000000002
2.216
1.691
0.009000000000000001
1.552
2.2840000000000003
0.276
0.763
2.49
0.963
0.161
2.205
1.706
0.012
1.52
2.32
0.312
0.745
2.504
0.991
0.161
2.154
1.7730000000000001
0.0
1.472
2.336
0.34700000000000003
0.6900000000000001
2.475
1.048
0.137
2.141
1.807
0.0
1.446
2.345
0.356
0.659
2.486
1.062
0.116
2.091
1.867
0.0
1.3820000000000001
2.36
0.386
0.597
2.458
1.123
0.08700000000000001
2.065
1.877
0.01
1.365
2.3970000000000002
0.41500000000000004
0.555
2.474
1.1400000000000001
0.076
2.036
1.816
0.032
1.3
2.424
0.466
0.558
2.43
1.175
0.081
2.005
1.95
0.046
1.256
2.414
0.482
0.524
2.416
1.245
0.058
1.992
1.994
0.066
1.233
2.428
0.515
0.493
2.415
1.307
0.035
1.926
2.031
0.058
1.204
2.432
0.552
0.446
2.489
1.308
0.035
1.9100000000000001
2.054
0.004
1.125
2.453
0.582
0.434
2.376
1.359
0.024
1.8880000000000001
2.068
0.08700000000000001
1.122
2.452
0.634
0.406
2.368
1.3980000000000001
0.027
1.846
2.125
0.12
1.05
2.476
0.652
0.371
2.363
1.453
0.0
1.794
2.152
0.12
1.012
2.484
0.6920000000000001
0.337
2.349
1.499
0.001
1.7570000000000001
2.195
0.149
0.98
2.479
0.762
0.308
2.329
1.5270000000000001
0.0
1.746
2.119
0.195
0.9380000000000001
2.507
0.784
0.257
2.295
1.557
0.0
1.678
2.231
0.189
0.879
2.478
0.8170000000000001
0.249
2.265
1.616
0.0
1.6420000000000001
2.241
0.225
0.848
2.5020000000000002
0.856
0.241
2.2520000000000002
1.651
0.001
1.598
2.278
0.23800000000000002
0.805
2.479
0.912
0.191
2.195
1.666
0.001
1.557
2.291
0.261
0.775
2.486
0.9420000000000001
0.191
2.203
1.748
0.0
1.52
2.326
0.28200000000000003
0.765
2.477
0.9560000000000001
0.145
2.195
1.736
0.01
1.481
2.328
0.319
0.724
2.471
1.0230000000000001
0.149
2.15
1.778
0.021
1.462
2.342
0.388
0.68
2.49
1.046
0.121
2.12
1.819
0.011
1.438
2.376
0.391
0.641
2.468
1.094
0.112
2.107
1.865
0.024
1.3900000000000001
2.4010000000000002
0.315
0.622
2.473
1.119
0.107
2.071
1.897
0.026000000000000002
1.369
2.4
0.433
0.597
2.469
1.149
0.065
2.015
1.92
0.026000000000000002
1.34
2.3970000000000002
0.464
0.557
2.428
1.172
0.07
2.023
1.938
0.042
1.295
2.4290000000000003
0.495
0.546
2.4210000000000003
1.133
0.095
1.991
1.994
0.031
1.27
2.436
0.5
0.492
2.428
1.249
0.035
1.971
2.004
0.051000000000000004
1.209
2.452
0.549
0.465
2.407
1.288
0.039
1.92
2.036
0.073
1.171
2.434
0.579
0.456
2.399
1.325
0.039
1.917
2.058
0.07
1.183
2.449
0.5760000000000001
0.433
2.3890000000000002
1.357
0.003
1.8800000000000001
2.083
0.098
1.114
2.474
0.617
0.394
2.368
1.417
0.004
1.853
2.108
0.126
1.09
2.469
0.648
0.369
2.358
1.427
0.016
1.815
2.146
0.111
1.056
2.477
0.671
0.36
2.347
1.448
0.0
1.7830000000000001
2.16
0.156
1.029
2.476
0.705
0.34400000000000003
2.357
1.5010000000000001
0.0
1.747
2.1550000000000002
0.17
0.975
2.487
0.74
0.28200000000000003
2.32
1.51
0.009000000000000001
1.752
2.199
0.158
0.9540000000000001
2.507
0.767
0.294
2.327
1.551
0.006
1.7
2.216
0.195
0.928
2.481
0.796
0.28200000000000003
2.302
1.577
0.008
1.681
2.236
0.198
0.887
2.474
0.804
0.243
2.266
1.577
0.0
1.6420000000000001
2.262
0.23500000000000001
0.866
2.492
0.853
0.258
2.262
1.6620000000000001
0.0
1.608
2.271
0.252
0.8210000000000001
2.482
0.898
0.2
2.236
1.6600000000000001
0.0
1.581
2.287
0.256
0.787
2.499
0.921
0.19
2.221
1.693
0.0
1.546
2.313
0.28200000000000003
0.778
2.495
0.9530000000000001
0.17400000000000002
2.178
1.733
0.0
1.5190000000000001
2.339
0.303
0.737
2.471
0.993
0.164
2.157
1.7850000000000001
0.007
1.473
2.309
0.337
0.6900000000000001
2.497
1.006
0.153
2.158
1.786
0.019
1.473
2.339
0.352
0.68
2.468
1.037
0.12
2.115
1.838
0.0
1.435
2.35
0.369
0.647
2.459
1.104
0.117
2.098
1.862
0.006
1.381
2.399
0.41500000000000004
0.613
2.455
1.1380000000000001
0.10300000000000001
2.087
1.8980000000000001
0.017
1.341
2.383
0.444
0.587
2.455
1.182
0.093
2.017
1.933
0.027
1.307
2.399
0.463
0.535
2.46
1.224
0.079
2.005
1.952
0.06
1.236
2.436
0.497
0.486
2.444
1.2590000000000001
0.06
1.95
2.02
0.051000000000000004
1.211
2.471
0.5740000000000001
0.465
2.42
1.33
0.023
1.9180000000000001
2.054
0.074
1.124
2.455
0.592
0.392
2.379
1.371
0.025
1.864
2.091
0.127
1.076
2.449
0.625
0.374
2.358
1.417
0.025
1.812
2.116
0.112
1.05
2.49
0.6910000000000001
0.339
2.363
1.459
0.014
1.7810000000000001
2.179
0.145
1.012
2.474
0.713
0.327
2.341
1.51
0.0
1.758
2.194
0.154
0.9480000000000001
2.498
0.788
0.28800000000000003
2.297
1.545
0.009000000000000001
1.71
2.204
0.182
0.896
2.497
0.792
0.266
2.2680000000000002
1.578
0.0
1.665
2.247
0.228
0.88
2.484
0.838
0.211
2.265
1.641
0.0
1.622
2.2680000000000002
0.244
0.8190000000000001
2.5
0.876
0.233
2.21
1.681
0.0
1.588
2.286
0.273
0.78
2.5
0.933
0.171
2.212
1.733
0.006
1.538
2.31
0.28800000000000003
0.748
2.478
0.988
0.17
2.173
1.752
0.0
1.489
2.32
0.319
0.73
2.497
1.05
0.133
2.166
1.772
0.0
1.444
2.36
0.34800000000000003
0.684
2.487
1.029
0.121
2.1350000000000002
1.843
0.0
1.411
2.365
0.376
0.632
2.447
1.08
0.132
2.096
1.848
0.023
1.375
2.3810000000000002
0.41000000000000003
0.596
2.449
1.121
0.112
2.071
1.8960000000000001
0.015
1.365
2.3890000000000002
0.41300000000000003
0.5680000000000001
2.438
1.1420000000000001
0.067
2.032
1.934
0.04
1.321
2.4290000000000003
0.47700000000000004
0.5720000000000001
2.461
1.175
0.068
2.02
1.944
0.045
1.2710000000000001
2.428
0.47000000000000003
0.541
2.438
1.227
0.04
1.996
1.954
0.062
1.249
2.439
0.49
0.523
2.439
1.266
0.046
1.963
1.972
0.058
1.229
2.434
0.539
0.47300000000000003
2.4210000000000003
1.278
0.049
1.944
2.0460000000000003
0.064
1.201
2.439
0.581
0.465
2.3970000000000002
1.325
0.028
1.905
2.054
0.095
1.129
2.436
0.579
0.433
2.4
1.3860000000000001
0.02
1.865
2.063
0.107
1.104
2.461
0.612
0.386
2.387
1.414
0.0
1.833
2.091
0.115
1.095
2.466
0.647
0.35000000000000003
2.361
1.417
0.0
1.804
2.142
0.128
1.012
2.496
0.677
0.32
2.332
1.484
0.0
1.754
2.15
0.159
0.983
2.478
0.744
0.321
2.332
1.562
0.0
1.742
2.2
0.17
0.9560000000000001
2.492
0.783
0.259
2.307
1.565
0.0
1.69
2.233
0.215
0.869
2.476
0.8190000000000001
0.233
2.278
1.589
0.0
1.6380000000000001
2.239
0.23600000000000002
0.855
2.497
0.871
0.23
2.229
1.668
0.0
1.581
2.271
0.272
0.8210000000000001
2.484
0.909
0.195
2.207
1.709
0.0
1.546
2.312
0.278
0.755
2.481
0.982
0.161
2.187
1.733
0.0
1.493
2.316
0.303
0.7030000000000001
2.468
1.0090000000000001
0.149
2.161
1.7710000000000001
0.025
1.438
2.353
0.357
0.6970000000000001
2.486
1.064
0.126
2.12
1.835
0.018000000000000002
1.425
2.378
0.362
0.652
2.482
1.057
0.145
2.085
1.881
0.033
1.385
2.373
0.377
0.626
2.466
1.1
0.126
2.057
1.861
0.016
1.343
2.407
0.419
0.582
2.452
1.172
0.08700000000000001
2.025
1.8940000000000001
0.045
1.315
2.42
0.46900000000000003
0.561
2.44
1.214
0.078
2.009
1.955
0.021
1.254
2.432
0.482
0.521
2.449
1.236
0.033
1.984
1.965
0.057
1.239
2.428
0.515
0.485
2.407
1.27
0.028
1.93
1.992
0.099
1.178
2.457
0.562
0.448
2.407
1.32
0.022
1.9020000000000001
2.0260000000000002
0.062
1.169
2.453
0.5730000000000001
0.445
2.403
1.362
0.034
1.872
2.051
0.1
1.133
2.449
0.609
0.398
2.378
1.373
0.008
1.852
2.101
0.091
1.091
2.466
0.642
0.403
2.371
1.332
0.02
1.826
2.13
0.116
1.064
2.479
0.668
0.339
2.345
1.454
0.0
1.7750000000000001
2.1550000000000002
0.147
1.027
2.474
0.68
0.338
2.321
1.461
0.0
1.762
2.158
0.157
0.998
2.474
0.748
0.315
2.332
1.5310000000000001
0.0
1.718
2.207
0.178
0.9550000000000001
2.489
0.779
0.294
2.307
1.543
0.0
1.716
2.204
0.17500000000000002
0.916
2.519
0.78
0.273
2.271
1.604
0.012
1.6620000000000001
2.223
0.226
0.904
2.487
0.851
0.228
2.291
1.61
0.0
1.62
2.249
0.232
0.85
2.486
0.869
0.215
2.2520000000000002
1.639
0.0
1.575
2.2760000000000002
0.265
0.8260000000000001
2.516
0.863
0.20600000000000002
2.225
1.663
0.0
1.681
2.298
0.268
0.792
2.486
0.89
0.185
2.199
1.786
0.004
1.541
2.2960000000000003
0.269
0.771
2.507
0.9510000000000001
0.17400000000000002
2.205
1.715
0.008
1.532
2.307
0.281
0.737
2.487
0.969
0.17
2.176
1.776
0.009000000000000001
1.504
2.353
0.32
0.719
2.471
1.03
0.153
2.152
1.804
0.0
1.456
2.355
0.35000000000000003
0.672
2.473
1.055
0.145
2.112
1.81
0.012
1.417
2.371
0.354
0.63
2.466
1.069
0.125
2.112
1.836
0.016
1.412
2.358
0.382
0.63
2.481
1.095
0.116
2.09
1.855
0.024
1.372
2.4
0.426
0.618
2.467
1.124
0.094
2.062
1.8760000000000001
0.041
1.348
2.411
0.446
0.5710000000000001
2.465
1.143
0.067
2.055
1.921
0.036000000000000004
1.301
2.41
0.456
0.552
2.452
1.162
0.07100000000000001
2.0180000000000002
1.939
0.037
1.2750000000000001
2.426
0.492
0.547
2.45
1.208
0.066
1.991
1.96
0.045
1.2550000000000001
2.423
0.498
0.529
2.44
1.2610000000000001
0.068
1.952
1.997
0.051000000000000004
1.24
2.439
0.512
0.47500000000000003
2.4130000000000003
1.27
0.036000000000000004
1.946
2.0020000000000002
0.058
1.22
2.452
0.553
0.466
2.423
1.278
0.053
1.935
2.017
0.06
1.18
2.431
0.562
0.443
2.42
1.341
0.015
1.994
2.041
0.08700000000000001
1.141
2.449
0.605
0.423
2.378
1.367
0.008
1.8840000000000001
2.087
0.13
1.074
2.481
0.645
0.369
2.3810000000000002
1.372
0.023
1.854
2.115
0.10300000000000001
1.068
2.458
0.676
0.356
2.361
1.423
0.009000000000000001
1.817
2.106
0.145
1.037
2.469
0.673
0.329
2.345
1.448
0.019
1.7630000000000001
2.138
0.15
0.988
2.492
0.718
0.319
2.338
1.491
0.006
1.745
2.178
0.17
0.967
2.497
0.766
0.28300000000000003
2.392
1.5270000000000001
0.007
1.702
2.197
0.192
0.9420000000000001
2.489
0.782
0.251
2.307
1.585
0.0
1.672
2.236
0.22
0.897
2.516
0.805
0.269
2.2920000000000003
1.596
0.0
1.685
2.249
0.215
0.87
2.468
0.867
0.23700000000000002
2.269
1.633
0.0
1.614
2.262
0.247
0.842
2.497
0.917
0.196
2.224
1.694
0.0
1.57
2.2920000000000003
0.254
0.78
2.48
0.933
0.17200000000000001
2.197
1.729
0.0
1.532
2.299
0.312
0.738
2.482
0.9570000000000001
0.17400000000000002
2.197
1.749
0.014
1.5070000000000001
2.341
0.34800000000000003
0.733
2.471
1.0230000000000001
0.151
2.134
1.807
0.008
1.441
2.349
0.366
0.68
2.468
1.026
0.11900000000000001
2.107
1.805
0.02
1.422
2.37
0.373
0.627
2.46
1.098
0.124
2.078
1.858
0.02
1.482
2.4
0.399
0.62
2.473
1.117
0.098
2.087
1.891
0.039
1.349
2.391
0.458
0.593
2.468
1.165
0.09
2.049
1.903
0.022
1.314
2.3970000000000002
0.444
0.581
2.455
1.178
0.084
2.0260000000000002
1.941
0.019
1.29
2.432
0.446
0.539
2.428
1.196
0.079
2.023
1.97
0.036000000000000004
1.3
2.436
0.499
0.518
2.436
1.228
0.051000000000000004
1.983
1.972
0.042
1.23
2.42
0.532
0.498
2.423
1.249
0.035
1.967
2.02
0.077
1.233
2.428
0.518
0.47700000000000004
2.408
1.2570000000000001
0.042
1.958
2.007
0.059000000000000004
1.191
2.452
0.543
0.47100000000000003
2.407
1.306
0.038
1.93
2.027
0.083
1.164
2.471
0.553
0.438
2.402
1.343
0.042
1.913
2.084
0.099
1.119
2.478
0.586
0.418
2.387
1.371
0.01
1.8880000000000001
2.081
0.109
1.085
2.471
0.635
0.40800000000000003
2.387
1.3880000000000001
0.027
1.842
2.102
0.116
1.091
2.467
0.671
0.367
2.349
1.439
0.021
1.81
2.133
0.137
1.0190000000000001
2.48
0.6930000000000001
0.364
2.352
1.462
0.008
1.7650000000000001
2.158
0.157
1.012
2.478
0.726
0.317
2.313
1.472
0.0
1.738
2.162
0.161
0.987
2.487
0.726
0.314
2.32
1.5010000000000001
0.008
1.735
2.17
0.182
0.9570000000000001
2.481
0.78
0.274
2.309
1.564
0.0
1.704
2.215
0.197
0.922
2.491
0.784
0.266
2.287
1.593
0.004
1.6640000000000001
2.229
0.226
0.883
2.5020000000000002
0.844
0.257
2.2760000000000002
1.609
0.0
1.668
2.236
0.199
0.884
2.49
0.849
0.223
2.2680000000000002
1.614
0.0
1.623
2.25
0.218
0.846
2.486
0.867
0.246
2.229
1.673
0.0
1.585
2.273
0.242
0.8230000000000001
2.5
0.898
0.214
2.223
1.67
0.003
1.578
2.299
0.279
0.796
2.486
0.913
0.185
2.223
1.714
0.0
1.555
2.316
0.306
0.777
2.49
0.9500000000000001
0.189
2.191
1.736
0.0
1.504
2.321
0.308
0.73
2.49
0.968
0.15
2.168
1.747
0.008
1.478
2.324
0.311
0.73
2.466
0.998
0.154
2.17
1.778
0.013000000000000001
1.492
2.324
0.325
0.704
2.473
1.0210000000000001
0.137
2.142
1.782
0.02
1.444
2.351
0.352
0.671
2.461
1.059
0.135
2.103
1.833
0.0
1.4020000000000001
2.3810000000000002
0.371
0.646
2.457
1.083
0.107
2.113
1.862
0.0
1.37
2.3970000000000002
0.387
0.624
2.449
1.1260000000000001
0.08
2.083
1.875
0.024
1.363
2.407
0.437
0.595
2.482
1.143
0.099
2.06
1.9100000000000001
0.036000000000000004
1.317
2.392
0.433
0.547
2.449
1.175
0.064
2.0260000000000002
1.93
0.038
1.296
2.42
0.46900000000000003
0.523
2.452
1.214
0.044
2.008
1.944
0.066
1.247
2.444
0.51
0.503
2.424
1.246
0.034
1.978
1.968
0.051000000000000004
1.245
2.428
0.515
0.499
2.436
1.264
0.046
1.952
1.996
0.08700000000000001
1.203
2.455
0.552
0.47300000000000003
2.441
1.284
0.023
1.928
2.032
0.074
1.198
2.444
0.5740000000000001
0.46
2.418
1.308
0.037
1.9180000000000001
2.055
0.096
1.145
2.47
0.596
0.432
2.4050000000000002
1.369
0.023
1.8880000000000001
2.078
0.093
1.11
2.471
0.63
0.387
2.376
1.377
0.0
1.843
2.008
0.106
1.078
2.484
0.639
0.406
2.371
1.422
0.003
1.823
2.123
0.107
1.06
2.495
0.685
0.352
2.37
1.446
0.019
1.796
2.136
0.14100000000000001
1.03
2.5
0.722
0.315
2.313
1.474
0.016
1.7550000000000001
2.1750000000000003
0.134
1.0090000000000001
2.469
0.73
0.323
2.329
1.506
0.016
1.742
2.195
0.182
0.9430000000000001
2.5020000000000002
0.771
0.298
2.313
1.5350000000000001
0.012
1.716
2.216
0.203
0.9440000000000001
2.492
0.78
0.265
2.3000000000000003
1.549
0.0
1.694
2.226
0.217
0.9
2.486
0.8260000000000001
0.241
2.287
1.61
0.0
1.675
2.241
0.211
0.862
2.483
0.834
0.233
2.242
1.607
0.0
1.625
2.265
0.22
0.855
2.486
0.875
0.216
2.245
1.6540000000000001
0.0
1.606
2.283
0.25
0.8280000000000001
2.474
0.904
0.194
2.239
1.685
0.0
1.577
2.299
0.257
0.761
2.478
0.93
0.169
2.191
1.704
0.0
1.5190000000000001
2.295
0.307
0.738
2.486
0.983
0.157
2.17
1.739
0.003
1.494
2.313
0.32
0.714
2.492
1.0210000000000001
0.132
2.1750000000000003
1.7750000000000001
0.0
1.473
2.349
0.34
0.676
2.452
1.046
0.14
2.113
1.826
0.02
1.399
2.37
0.378
0.617
2.463
1.079
0.14100000000000001
2.116
1.83
0.0
1.427
2.339
0.389
0.622
2.461
1.101
0.116
2.103
1.867
0.037
1.3940000000000001
2.3810000000000002
0.41200000000000003
0.611
2.473
1.141
0.111
2.074
1.901
0.019
1.358
2.395
0.449
0.5750000000000001
2.463
1.153
0.095
2.004
1.913
0.018000000000000002
1.338
2.407
0.446
0.5640000000000001
2.445
1.175
0.08
2.0420000000000003
1.917
0.034
1.311
2.394
0.468
0.543
2.439
1.193
0.073
2.033
1.946
0.042
1.299
2.4210000000000003
0.483
0.539
2.442
1.2
0.055
1.991
1.963
0.034
1.248
2.437
0.40900000000000003
0.517
2.41
1.236
0.023
1.965
1.991
0.064
1.221
2.423
0.526
0.581
2.432
1.249
0.034
1.94
2.0020000000000002
0.081
1.216
2.463
0.548
0.459
2.422
1.286
0.037
1.939
2.001
0.081
1.161
2.428
0.554
0.44
2.399
1.308
0.012
1.901
2.029
0.088
1.161
2.449
0.58
0.427
2.408
1.333
0.013000000000000001
1.8800000000000001
2.068
0.078
1.123
2.461
0.589
0.458
2.407
1.362
0.023
1.8920000000000001
2.075
0.099
1.112
2.451
0.593
0.433
2.3970000000000002
1.3820000000000001
0.008
1.852
2.087
0.105
1.088
2.484
0.646
0.383
2.361
1.391
0.012
1.84
2.137
0.138
1.072
2.465
0.674
0.36
2.358
1.425
0.004
1.809
2.133
0.14100000000000001
1.05
2.48
0.668
0.336
2.32
1.432
0.01
1.788
2.142
0.139
1.004
2.486
0.723
0.318
2.331
1.467
0.004
1.752
2.173
0.123
0.994
2.498
0.738
0.298
2.299
1.5070000000000001
0.0
1.733
2.177
0.164
0.975
2.486
0.772
0.294
2.3040000000000003
1.546
0.0
1.701
2.206
0.184
0.936
2.513
0.784
0.23700000000000002
2.281
1.565
0.0
1.657
2.221
0.215
0.894
2.5020000000000002
0.8320000000000001
0.229
2.2520000000000002
1.606
0.013000000000000001
1.6300000000000001
2.249
0.227
0.849
2.509
0.851
0.22
2.258
1.647
0.0
1.604
2.274
0.263
0.851
2.497
0.903
0.186
2.229
1.687
0.0
1.585
2.281
0.28800000000000003
0.8150000000000001
2.487
0.93
0.178
2.21
1.684
0.0
1.541
2.294
0.306
0.788
2.586
0.966
0.199
2.184
1.712
0.0
1.5350000000000001
2.303
0.301
0.764
2.498
0.979
0.152
2.197
1.743
0.0
1.52
2.324
0.299
0.748
2.486
0.967
0.166
2.16
1.764
0.001
1.49
2.335
0.291
0.726
2.498
0.983
0.17
2.1430000000000002
1.7890000000000001
0.014
1.472
2.331
0.359
0.671
2.466
1.039
0.129
2.148
1.788
0.016
1.414
2.363
0.34800000000000003
0.686
2.474
1.046
0.128
2.134
1.823
0.0
1.43
2.361
0.398
0.663
2.486
1.066
0.106
2.104
1.826
0.022
1.3780000000000001
2.358
0.39
0.644
2.481
1.116
0.094
2.099
1.855
0.019
1.348
2.3810000000000002
0.396
0.523
2.434
1.124
0.095
2.067
1.8800000000000001
0.014
1.32
2.423
0.435
0.589
2.475
1.164
0.097
2.017
1.917
0.01
1.201
2.379
0.465
0.531
2.439
1.179
0.053
2.007
1.95
0.036000000000000004
1.2710000000000001
2.4290000000000003
0.481
0.531
2.439
1.232
0.059000000000000004
2.0020000000000002
1.973
0.059000000000000004
1.2550000000000001
2.439
0.493
0.487
2.418
1.245
0.039
1.965
1.985
0.075
1.207
2.451
0.531
0.448
2.432
1.307
0.034
1.934
2.0100000000000002
0.046
1.177
2.436
0.556
0.451
2.4050000000000002
1.299
0.049
1.93
2.0420000000000003
0.092
1.167
2.444
0.581
0.439
2.4170000000000003
1.333
0.045
1.926
2.058
0.065
1.164
2.468
0.602
0.41400000000000003
2.378
1.359
0.009000000000000001
1.893
2.075
0.08600000000000001
1.114
2.445
0.593
0.423
2.378
1.35
0.033
1.8940000000000001
2.096
0.095
1.083
2.484
0.632
0.402
2.362
1.3960000000000001
0.021
1.845
2.091
0.109
1.061
2.46
0.632
0.361
2.361
1.4020000000000001
0.011
1.805
2.125
0.11900000000000001
1.043
2.476
0.682
0.306
2.371
1.427
0.005
1.8940000000000001
2.128
0.131
1.008
2.453
0.667
0.358
2.338
1.476
0.0
1.7670000000000001
2.144
0.14100000000000001
0.983
2.483
0.747
0.313
2.324
1.491
0.0
1.7610000000000001
2.191
0.169
0.965
2.469
0.76
0.277
2.307
1.528
0.0
1.695
2.208
0.17
0.936
2.503
0.773
0.28
2.371
1.565
0.0
1.688
2.206
0.228
0.909
2.504
0.8170000000000001
0.258
2.265
1.617
0.0
1.67
2.255
0.214
0.862
2.493
0.84
0.217
2.231
1.678
0.01
1.6360000000000001
2.239
0.252
0.845
2.497
0.866
0.22
2.221
1.67
0.008
1.589
2.286
0.272
0.796
2.486
0.924
0.183
2.2
1.689
0.0
1.5330000000000001
2.286
0.28
0.777
2.498
0.9400000000000001
0.164
2.181
1.7550000000000001
0.02
1.5030000000000001
2.336
0.29
0.721
2.492
0.968
0.161
2.17
1.752
0.017
1.469
2.332
0.34700000000000003
0.709
2.476
1.028
0.14300000000000002
2.152
1.809
0.0
1.464
2.331
0.365
0.6910000000000001
2.488
1.033
0.116
2.104
1.822
0.0
1.44
2.3970000000000002
0.367
0.666
2.451
1.072
0.114
2.196
1.849
0.004
1.385
2.367
0.308
0.645
2.462
1.111
0.098
2.086
1.853
0.029
1.351
2.396
0.425
0.634
2.472
1.1300000000000001
0.105
2.086
1.867
0.012
1.37
2.3890000000000002
0.419
0.588
2.469
1.156
0.10200000000000001
2.051
1.809
0.022
1.304
2.394
0.437
0.578
2.455
1.156
0.059000000000000004
2.0260000000000002
1.919
0.013000000000000001
1.29
2.416
0.46
0.534
2.4290000000000003
1.19
0.066
1.993
1.97
0.033
1.2590000000000001
2.418
0.493
0.537
2.442
1.2610000000000001
0.033
1.965
1.984
0.063
1.225
2.416
0.526
0.482
2.423
1.241
0.046
1.941
1.995
0.044
1.212
2.428
0.532
0.47500000000000003
2.415
1.286
0.048
1.926
2.0020000000000002
0.08700000000000001
1.185
2.474
0.5640000000000001
0.444
2.415
1.314
0.02
1.901
2.047
0.1
1.131
2.453
0.6
0.444
2.4
1.391
0.029
1.9020000000000001
2.087
0.081
1.093
2.486
0.636
0.41100000000000003
2.382
1.3860000000000001
0.0
1.859
2.112
0.095
1.088
2.484
0.659
0.369
2.384
1.301
0.012
1.838
2.099
0.121
1.073
2.47
0.651
0.361
2.372
1.432
0.016
1.81
2.146
0.147
1.053
2.484
0.676
0.333
2.332
1.45
0.026000000000000002
1.799
2.149
0.136
1.0090000000000001
2.468
0.705
0.334
2.321
1.4060000000000001
0.0
1.736
2.154
0.166
0.9540000000000001
2.469
0.755
0.203
2.303
1.5170000000000001
0.006
1.715
2.191
0.167
0.9400000000000001
2.479
0.772
0.267
2.3000000000000003
1.5330000000000001
0.0
1.695
2.208
0.209
0.88
2.497
0.797
0.246
2.266
1.585
0.002
1.6600000000000001
2.229
0.202
0.846
2.507
0.847
0.244
2.2680000000000002
1.631
0.0
1.633
2.245
0.242
0.845
2.479
0.881
0.202
2.223
1.657
0.0
1.601
2.277
0.257
0.8250000000000001
2.5
0.895
0.178
2.226
1.685
0.0
1.568
2.3000000000000003
0.275
0.766
2.503
0.9540000000000001
0.164
2.19
1.7510000000000001
0.011
1.49
2.297
0.311
0.741
2.494
0.975
0.161
2.158
1.764
0.0
1.496
2.32
0.335
0.705
2.477
0.987
0.134
2.154
1.801
0.0
1.448
2.352
0.36
0.668
2.474
1.042
0.115
2.133
1.825
0.025
1.4040000000000001
2.374
0.394
0.657
2.474
1.087
0.09
2.103
1.8780000000000001
0.035
1.373
2.394
0.423
0.614
2.455
1.116
0.08
2.067
1.8840000000000001
0.027
1.327
2.4210000000000003
0.422
0.5650000000000001
2.44
1.157
0.083
2.033
1.905
0.037
1.295
2.432
0.481
0.513
2.445
1.209
0.07
1.992
1.971
0.047
1.229
2.449
0.521
0.493
2.402
1.254
0.046
1.975
1.997
0.047
1.207
2.452
0.542
0.46900000000000003
2.423
1.303
0.037
1.93
2.039
0.08700000000000001
1.149
2.449
0.5710000000000001
0.432
2.4
1.335
0.017
1.8940000000000001
2.067
0.107
1.103
2.453
0.596
0.375
2.371
1.397
0.018000000000000002
1.855
2.084
0.107
1.067
2.487
0.647
0.34800000000000003
2.361
1.423
0.0
1.799
2.118
0.128
1.032
2.495
0.685
0.34400000000000003
2.343
1.439
0.006
1.784
2.128
0.158
1.012
2.498
0.733
0.313
2.318
1.498
0.008
1.744
2.179
0.154
0.967
2.513
0.746
0.273
2.308
1.5310000000000001
0.0
1.693
2.21
0.185
0.921
2.486
0.785
0.28
2.286
1.593
0.0
1.699
2.237
0.187
0.906
2.481
0.808
0.241
2.277
1.6280000000000001
0.0
1.633
2.239
0.245
0.854
2.507
0.886
0.228
2.25
1.653
0.0
1.602
2.283
0.256
0.811
2.491
0.917
0.182
2.208
1.692
0.004
1.567
2.2840000000000003
0.296
0.779
2.484
0.9540000000000001
0.166
2.188
1.72
0.028
1.52
2.326
0.317
0.714
2.487
0.989
0.137
2.165
1.76
0.004
1.48
2.345
0.336
0.706
2.469
1.043
0.154
2.158
1.7890000000000001
0.014
1.448
2.371
0.37
0.676
2.458
1.066
0.111
2.123
1.852
0.016
1.41
2.374
0.377
0.614
2.453
1.103
0.107
2.112
1.854
0.013000000000000001
1.3980000000000001
2.399
0.419
0.649
2.473
1.12
0.108
2.071
1.8860000000000001
0.016
1.324
2.3810000000000002
0.418
0.597
2.474
1.137
0.083
2.0380000000000003
1.899
0.012
1.314
2.412
0.443
0.5670000000000001
2.465
1.191
0.10300000000000001
2.024
1.921
0.047
1.2770000000000001
2.42
0.482
0.53
2.449
1.223
0.075
1.994
1.959
0.039
1.262
2.439
0.508
0.485
2.436
1.254
0.036000000000000004
1.971
1.992
0.045
1.25
2.442
0.533
0.492
2.4210000000000003
1.286
0.049
1.946
2.031
0.06
1.185
2.458
0.5640000000000001
0.448
2.415
1.32
0.025
1.903
2.036
0.073
1.137
2.455
0.601
0.425
2.402
1.372
0.021
1.873
2.073
0.107
1.098
2.476
0.612
0.386
2.395
1.365
0.04
1.856
2.087
0.113
1.105
2.486
0.65
0.398
2.357
1.42
0.006
1.843
2.099
0.14400000000000002
1.058
2.471
0.681
0.374
2.361
1.423
0.0
1.797
2.128
0.116
1.008
2.484
0.679
0.32
2.345
1.486
0.006
1.749
2.162
0.161
0.998
2.484
0.705
0.299
2.326
1.514
0.0
1.7610000000000001
2.195
0.178
0.973
2.503
0.785
0.273
2.281
1.556
0.016
1.722
2.186
0.18
0.9410000000000001
2.495
0.784
0.249
2.299
1.564
0.015
1.686
2.216
0.213
0.911
2.498
0.8280000000000001
0.234
2.258
1.586
0.0
1.623
2.245
0.215