
1.168
1.885
2.387
2.461
2.104
1.443
0.651
0.157
0.003
0.356
0.962
1.741
2.318
2.513
2.21
1.581
0.8300000000000001
0.20600000000000002
0.0
0.218
0.85
1.583
2.223
2.487
2.31
1.61
0.92
0.248
0.007
0.17500000000000002
0.746
1.514
2.1550000000000002
2.492
2.336
1.797
1.0050000000000001
0.377
0.0
0.117
0.641
1.3820000000000001
2.049
2.473
2.3850000000000002
1.909
1.197
0.491
0.064
0.036000000000000004
0.493
1.207
1.942
2.439
2.46
2.0420000000000003
1.31
0.594
0.074
0.021
0.404
1.125
1.859
2.355
2.484
2.1310000000000002
1.455
0.7020000000000001
0.17400000000000002
0.0
0.317
0.909
1.675
2.3000000000000003
2.492
2.251
1.606
0.838
0.242
0.0
0.228
0.89
1.562
2.213
2.499
2.316
1.747
0.996
0.323
0.0
0.149
0.727
1.473
2.128
2.486
2.361
1.864
1.108
0.398
0.025
0.079
0.5710000000000001
1.333
2.004
2.453
2.449
1.942
1.254
0.51
0.07
0.04
0.455
1.207
1.922
2.415
2.473
2.058
1.353
0.593
0.124
0.021
0.365
1.047
1.805
2.3770000000000002
2.495
2.162
1.456
0.751
0.164
0.014
0.278
0.9380000000000001
1.697
2.315
2.478
2.223
1.554
0.8180000000000001
0.22
0.0
0.247
0.856
1.651
2.233
2.489
2.281
1.697
0.936
0.27
0.0
0.155
0.753
1.494
2.152
2.474
2.344
1.721
1.004
0.355
0.008
0.122
0.6970000000000001
1.448
2.08
2.474
2.407
1.8860000000000001
1.095
0.428
0.027
0.114
0.5740000000000001
1.301
2.0140000000000002
2.424
2.437
1.986
1.216
0.532
0.041
0.048
0.447
1.233
1.9060000000000001
2.4050000000000002
2.445
2.055
1.385
0.655
0.11
0.0
0.366
1.0010000000000001
1.7650000000000001
2.336
2.487
2.207
1.498
0.775
0.168
0.007
0.255
0.874
1.6580000000000001
2.274
2.478
2.202
1.643
0.877
0.244
0.007
0.211
0.777
1.5250000000000001
2.191
2.494
2.342
1.772
0.025
0.323
0.012
0.137
0.659
1.399
2.099
2.461
2.37
1.851
1.124
0.40900000000000003
0.021
0.08700000000000001
0.589
1.307
2.0380000000000003
2.436
2.395
1.942
1.174
0.498
0.052000000000000005
0.083
0.491
1.215
1.978
2.4290000000000003
2.424
2.023
1.298
0.582
0.059000000000000004
0.028
0.40900000000000003
1.105
1.848
2.3810000000000002
2.468
2.092
1.446
0.63
0.153
0.006
0.337
0.9460000000000001
1.7650000000000001
2.316
2.4050000000000002
2.205
1.559
0.806
0.2
0.0
0.25
0.854
1.6360000000000001
2.216
2.5020000000000002
2.2920000000000003
1.705
0.9530000000000001
0.307
0.0
0.167
0.705
1.469
2.126
2.495
2.3810000000000002
1.847
1.088
0.429
0.008
0.08600000000000001
0.595
1.342
2.029
2.453
2.4290000000000003
1.936
1.228
0.432
0.069
0.054
0.448
1.223
1.92
2.407
2.439
2.015
1.319
0.59
0.083
0.008
0.377
1.077
1.859
2.35
2.484
2.148
1.44
0.6
0.136
0.009000000000000001
0.326
1.045
1.714
2.334
2.503
2.108
1.551
0.766
0.184
0.001
0.254
0.851
1.604
2.263
2.463
2.2680000000000002
1.6640000000000001
0.913
0.28700000000000003
0.0
0.194
0.761
1.5010000000000001
2.1550000000000002
2.484
2.326
1.7670000000000001
0.995
0.34
0.008
0.14
0.6980000000000001
1.42
2.113
2.447
2.387
1.883
1.1380000000000001
0.41500000000000004
0.008
0.083
0.549
1.286
1.998
2.428
2.436
1.959
1.249
0.521
0.047
0.051000000000000004
0.49
1.274
1.919
2.392
2.452
2.083
1.335
0.633
0.101
0.021
0.39
1.056
1.847
2.345
2.468
2.117
1.3960000000000001
0.708
0.121
0.007
0.332
0.966
1.707
2.332
2.491
2.207
1.596
0.792
0.201
0.0
0.22
0.833
1.619
2.242
2.499
2.295
1.609
0.925
0.279
0.0
0.183
0.772
1.502
2.1670000000000003
2.49
2.331
1.7590000000000001
1.029
0.392
0.0
0.11800000000000001
0.629
1.369
2.102
2.453
2.363
1.872
1.154
0.40800000000000003
0.022
0.097
0.544
1.2690000000000001
2.044
2.461
2.439
1.955
1.2590000000000001
0.498
0.049
0.066
0.43
1.155
1.925
2.394
2.449
2.089
1.365
0.617
0.107
0.027
0.34700000000000003
1.069
1.813
2.373
2.476
2.174
1.486
0.723
0.153
0.0
0.299
0.9400000000000001
1.746
2.318
2.481
2.199
1.557
0.834
0.211
0.0
0.223
0.845
1.573
2.224
2.478
2.286
1.705
0.924
0.294
0.0
0.152
0.706
1.451
2.111
2.476
2.339
1.826
1.06
0.388
0.004
0.107
0.622
1.33
2.0460000000000003
2.455
2.406
1.92
1.214
0.47700000000000004
0.039
0.065
0.556
1.222
1.93
2.41
2.449
2.0420000000000003
1.354
0.5680000000000001
0.083
0.022
0.40800000000000003
1.127
1.862
2.363
2.461
2.105
1.403
0.672
0.156
0.0
0.367
1.059
1.801
2.337
2.487
2.212
1.5050000000000001
0.757
0.171
0.003
0.26
0.884
1.6400000000000001
2.289
2.407
2.22
1.629
0.873
0.224
0.018000000000000002
0.23700000000000002
0.863
1.639
2.216
2.478
2.294
1.704
0.98
0.271
0.012
0.135
0.749
1.53
2.209
2.478
2.363
1.772
1.028
0.303
0.0
0.113
0.706
1.474
2.146
2.474
2.348
1.776
1.038
0.386
0.004
0.13
0.618
1.434
2.1
2.469
2.384
1.851
1.104
0.41500000000000004
0.01
0.108
0.604
1.353
2.078
2.43
2.3890000000000002
1.8800000000000001
1.191
0.435
0.027
0.073
0.543
1.317
2.009
2.426
2.32
1.952
1.233
0.482
0.059000000000000004
0.038
0.506
1.211
1.97
2.4210000000000003
2.457
2.054
1.29
0.577
0.079
0.017
0.424
1.129
1.875
2.378
2.486
2.091
1.4060000000000001
0.665
0.132
0.022
0.359
1.027
1.797
2.355
2.489
2.2
1.468
0.759
0.157
0.0
0.274
0.934
1.707
2.286
2.484
2.234
1.633
0.8210000000000001
0.244
0.0
0.234
0.8200000000000001
1.569
2.21
2.5020000000000002
2.328
1.6520000000000001
0.969
0.34900000000000003
0.029
0.164
0.647
1.44
2.125
2.468
2.35
1.855
1.1320000000000001
0.417
0.0
0.085
0.5710000000000001
1.29
2.975
2.45
2.411
1.963
1.278
0.535
0.085
0.027
0.436
1.133
1.87
2.373
2.453
2.06
1.399
0.638
0.134
0.008
0.352
1.027
1.76
2.331
2.494
2.162
1.52
0.762
0.185
0.0
0.275
0.931
1.672
2.2640000000000002
2.498
2.226
1.6540000000000001
0.861
0.253
0.0
0.182
0.788
1.583
2.2
2.48
2.302
1.723
0.975
0.306
0.0
0.14400000000000002
0.728
1.456
2.137
2.474
2.371
1.857
1.125
0.41300000000000003
0.034
0.082
0.577
1.304
2.0100000000000002
2.431
2.447
1.983
1.272
0.543
0.082
0.053
0.444
1.135
1.867
2.37
2.46
2.107
1.419
0.624
0.133
0.0
0.353
1.025
1.772
2.32
2.479
2.181
1.552
0.737
0.19
0.0
0.266
0.901
1.627
2.287
2.498
2.248
1.639
0.896
0.249
0.019
0.223
0.797
1.564
2.162
2.469
2.349
1.743
1.0170000000000001
0.337
0.014
0.11800000000000001
0.644
1.494
2.079
2.453
2.371
1.913
1.167
0.486
0.01
0.077
0.54
1.249
1.983
2.423
2.457
2.0100000000000002
1.299
0.5630000000000001
0.10300000000000001
0.012
0.397
1.069
1.815
2.339
2.471
2.146
1.5030000000000001
0.724
0.177
0.009000000000000001
0.274
0.918
1.704
2.2640000000000002
2.5300000000000002
2.229
1.619
0.883
0.255
0.0
0.20800000000000002
0.808
1.548
2.1710000000000003
2.478
2.352
1.793
1.022
0.373
0.017
0.10400000000000001
0.642
1.365
2.062
2.432
2.412
1.92
1.1280000000000001
0.462
0.044
0.038
0.502
1.211
1.921
2.4
2.437
2.073
1.311
0.589
0.089
0.054
0.399
1.062
1.806
2.372
2.482
2.165
1.473
0.743
0.182
0.003
0.272
0.884
1.718
2.277
2.495
2.255
1.555
0.88
0.23500000000000001
0.0
0.19
0.788
1.5230000000000001
2.184
2.49
2.318
1.803
1.008
0.34
0.013000000000000001
0.107
0.669
1.3960000000000001
2.063
2.473
2.41
1.829
1.124
0.41500000000000004
0.049
0.083
0.54
1.2590000000000001
1.987
2.436
2.442
2.029
1.252
0.537
0.08
0.032
0.452
1.099
1.872
2.387
2.453
2.105
1.439
0.646
0.151
0.0
0.359
1.0170000000000001
1.726
2.312
2.481
2.128
1.569
0.85
0.233
0.006
0.229
0.839
1.591
2.228
2.474
2.3000000000000003
1.736
0.99
0.29
0.001
0.16
0.687
1.426
2.12
2.449
2.384
1.8880000000000001
1.139
0.438
0.005
0.055
0.534
1.292
1.971
2.45
2.423
1.981
1.309
0.556
0.08600000000000001
0.046
0.419
1.192
1.868
2.363
2.481
2.133
1.461
0.673
0.125
0.023
0.394
0.9380000000000001
1.706
2.32
2.484
2.224
1.615
0.8280000000000001
0.253
0.0
0.215
0.8130000000000001
1.568
2.229
2.494
2.336
1.7550000000000001
0.937
0.341
0.0
0.129
0.655
1.401
2.103
2.482
2.37
1.883
1.133
0.439
0.015
0.077
0.539
1.29
1.992
2.423
2.4290000000000003
2.033
1.227
0.552
0.107
0.028
0.426
1.087
1.8880000000000001
2.3970000000000002
2.478
2.102
1.419
0.685
0.125
0.0
0.327
0.983
1.722
2.324
2.494
2.2
1.564
0.8270000000000001
0.202
0.004
0.241
0.857
1.604
2.231
2.479
2.294
1.723
0.909
0.278
0.006
0.15
0.734
1.494
2.154
2.498
2.361
1.7830000000000001
1.051
0.3
0.009000000000000001
0.12
0.601
1.356
2.052
2.473
2.387
1.905
1.202
0.465
0.053
0.062
0.533
1.245
1.96
2.44
2.436
1.031
1.256
0.55
0.085
0.028
0.457
1.174
1.8800000000000001
2.415
2.461
2.084
1.407
0.623
0.121
0.019
0.361
1.043
1.813
2.352
2.492
2.121
1.494
0.645
0.168
0.0
0.318
0.964
1.722
2.324
2.466
2.221
1.573
0.79
0.2
0.002
0.261
0.8140000000000001
1.602
2.231
2.498
2.294
1.604
0.9420000000000001
0.296
0.0
0.177
0.726
1.49
2.165
2.473
2.345
1.804
1.071
0.361
0.02
0.082
0.627
1.373
2.065
2.441
2.403
1.9100000000000001
1.172
0.484
0.059000000000000004
0.053
0.501
1.24
1.958
2.439
2.455
1.949
1.306
0.589
0.073
0.046
0.44
1.169
1.875
2.3810000000000002
2.49
2.12
1.412
0.654
0.13
0.0
0.365
1.004
1.7510000000000001
2.352
2.5
2.197
1.5310000000000001
0.8170000000000001
0.188
0.007
0.273
0.836
1.618
2.224
2.509
2.285
1.676
0.9550000000000001
0.28400000000000003
0.0
0.17
0.771
1.528
2.263
2.49
2.331
1.813
1.054
0.333
0.0
0.138
0.63
1.414
2.075
2.498
2.402
1.899
1.114
0.467
0.016
0.085
0.526
1.268
2.023
2.432
2.41
1.952
1.2670000000000001
0.47900000000000004
0.037
0.051000000000000004
0.47500000000000003
1.208
1.955
2.408
2.468
2.078
1.344
0.625
0.088
0.032
0.497
1.124
1.847
2.3770000000000002
2.477
2.1310000000000002
1.351
0.655
0.126
0.0
0.315
0.979
1.788
2.336
2.489
2.195
1.514
0.773
0.14300000000000002
0.0
0.281
0.889
1.6500000000000001
2.307
2.5180000000000002
2.226
1.624
0.798
0.23600000000000002
0.0
0.198
0.8270000000000001
1.606
2.25
2.503
2.249
1.6540000000000001
0.923
0.269
0.003
0.169
0.738
1.493
2.166
2.471
2.339
1.754
1.0010000000000001
0.323
0.0
0.136
0.669
1.425
2.099
2.464
2.36
1.8760000000000001
1.159
0.41500000000000004
0.042
0.074
0.5720000000000001
1.292
1.989
2.453
2.386
1.978
1.281
0.552
0.068
0.053
0.456
1.168
1.8940000000000001
2.388
2.484
2.083
1.417
0.66
0.108
0.02
0.34
1.0
1.745
2.294
2.476
2.1750000000000003
1.551
0.8200000000000001
0.197
0.0
0.249
0.846
1.623
2.223
2.517
2.283
1.691
0.931
0.28600000000000003
0.004
0.14400000000000002
0.711
1.441
2.137
2.461
2.373
1.855
1.106
0.446
0.033
0.099
0.5760000000000001
1.298
2.0340000000000003
2.452
2.423
1.9180000000000001
1.2690000000000001
0.5630000000000001
0.049
0.037
0.457
1.169
1.8760000000000001
2.498
2.461
2.07
1.385
0.634
0.12
0.01
0.361
1.0110000000000001
1.7730000000000001
2.316
2.497
2.1710000000000003
1.575
0.735
0.218
0.0
0.241
0.859
1.614
2.22
2.4050000000000002
2.303
1.689
0.975
0.307
0.007
0.17300000000000001
0.6950000000000001
1.432
2.191
2.492
2.39
1.86
1.149
0.435
0.011
0.08
0.5750000000000001
1.293
2.017
2.444
2.442
1.967
1.2610000000000001
0.545
0.057
0.051000000000000004
0.464
1.17
1.9080000000000001
2.3810000000000002
2.479
2.072
1.3860000000000001
0.668
0.13
0.0
0.356
0.972
1.7830000000000001
2.316
2.471
2.201
1.497
0.791
0.11900000000000001
0.006
0.221
0.872
1.625
2.234
2.473
2.265
1.649
0.936
0.271
0.0
0.196
0.73
1.477
2.178
2.491
2.313
1.7550000000000001
0.975
0.329
0.03
0.107
0.647
1.411
2.107
2.481
2.403
1.8840000000000001
1.113
0.445
0.033
0.074
0.541
1.283
1.978
2.443
2.431
2.009
1.249
0.553
0.049
0.017
0.444
1.1340000000000001
1.8800000000000001
2.3970000000000002
2.474
2.107
1.3860000000000001
0.659
0.106
0.0
0.356
0.993
1.813
2.344
2.494
2.1590000000000003
1.489
0.715
0.171
0.0
0.32
0.925
1.676
2.316
2.479
2.207
1.596
0.868
0.261
0.0
0.192
0.8220000000000001
1.569
2.22
2.498
2.315
1.693
0.966
0.323
0.01
0.152
0.705
1.473
2.161
2.491
2.365
1.836
1.062
0.36
0.004
0.098
0.653
1.369
2.064
2.468
2.41
1.93
1.158
0.455
0.058
0.061
0.552
1.209
2.0
2.42
2.449
1.994
1.295
0.537
0.058
0.068
0.431
1.175
1.921
2.403
2.442
2.083
1.3820000000000001
0.642
0.111
0.026000000000000002
0.391
1.072
1.872
2.353
2.49
2.1310000000000002
1.433
0.666
0.111
0.022
0.34800000000000003
1.045
1.801
2.342
2.495
2.166
1.483
0.776
0.15
0.004
0.299
0.9510000000000001
1.676
2.287
2.494
2.213
1.607
0.86
0.20700000000000002
0.002
0.232
0.85
1.612
2.216
2.498
2.283
1.68
0.935
0.281
0.0
0.183
0.752
1.48
2.146
2.489
2.321
1.7730000000000001
0.993
0.34500000000000003
0.011
0.128
0.643
1.413
2.092
2.486
2.392
1.895
1.137
0.452
0.032
0.074
0.578
1.292
2.023
2.416
2.4130000000000003
1.934
1.22
0.539
0.065
0.055
0.487
1.211
1.955
2.426
2.449
2.055
1.333
0.61
0.10400000000000001
0.002
0.39
1.095
1.804
2.35
2.477
2.129
1.487
0.759
0.15
0.027
0.29
0.963
1.657
2.2840000000000003
2.499
2.233
1.619
0.8310000000000001
0.212
0.0
0.203
0.838
1.607
2.204
2.5100000000000002
2.277
1.742
0.9580000000000001
0.298
0.0
0.157
0.721
1.497
2.136
2.48
2.374
1.828
1.046
0.373
0.0
0.115
0.631
1.355
2.108
2.461
2.36
1.909
1.167
0.432
0.028
0.064
0.545
1.283
2.984
2.449
2.415
1.991
1.2590000000000001
0.51
0.049
0.026000000000000002
0.47300000000000003
1.199
1.92
2.4
2.444
2.047
1.357
0.615
0.088
0.033
0.41400000000000003
1.078
1.857
2.379
2.496
2.126
1.448
0.6900000000000001
0.147
0.0
0.303
0.984
1.717
2.313
2.497
2.197
1.561
0.8280000000000001
0.229
0.0
0.224
0.8170000000000001
1.609
2.249
2.503
2.263
1.693
0.9500000000000001
0.273
0.0
0.14100000000000001
0.7000000000000001
1.452
2.1470000000000002
2.489
2.35
1.851
1.074
0.388
0.059000000000000004
0.10200000000000001
0.5730000000000001
1.311
2.0420000000000003
2.423
2.414
1.971
1.2530000000000001
0.51
0.084
0.003
0.453
1.159
1.849
2.386
2.49
2.118
1.456
0.672
0.162
0.008
0.308
0.925
1.731
2.294
2.496
2.194
1.585
0.846
0.23
0.006
0.209
0.8170000000000001
1.593
2.196
2.486
2.312
1.749
1.05
0.341
0.017
0.11800000000000001
0.653
1.3820000000000001
2.121
2.478
2.394
1.853
1.1400000000000001
0.453
0.019
0.078
0.515
1.2770000000000001
1.946
2.4290000000000003
2.455
2.0220000000000002
1.2530000000000001
0.55
0.073
0.034
0.435
1.129
1.873
2.392
2.461
2.113
1.323
0.656
0.116
0.0
0.343
1.0190000000000001
1.784
2.341
2.492
2.179
1.51
0.753
0.165
0.0
0.257
0.891
1.713
2.287
2.476
2.2520000000000002
1.676
0.898
0.23600000000000002
0.003
0.212
0.747
1.502
2.1390000000000002
2.49
2.341
1.793
1.075
0.381
0.021
0.088
0.5760000000000001
1.324
2.061
2.446
2.442
1.936
1.223
0.553
0.045
0.035
0.466
1.17
1.9100000000000001
2.3890000000000002
2.453
2.047
1.349
0.584
0.098
0.0
0.404
1.07
1.8
2.358
2.49
2.1710000000000003
1.5090000000000001
0.713
0.182
0.004
0.299
0.91
1.657
2.262
2.5
2.2600000000000002
1.6460000000000001
0.869
0.269
0.0
0.192
0.763
1.57
2.1630000000000003
2.469
2.332
1.792
0.98
0.34800000000000003
0.017
0.095
0.672
1.354
2.102
2.484
2.412
1.93
1.1400000000000001
0.442
0.017
0.062
0.518
1.24
1.96
2.415
2.434
2.054
1.313
0.615
0.083
0.018000000000000002
0.391
1.04
1.797
2.332
2.468
2.17
1.487
0.747
0.166
0.0
0.29
0.935
1.6300000000000001
2.293
2.495
2.245
1.627
0.871
0.266
0.002
0.185
0.792
1.561
2.186
2.497
2.339
1.786
1.0190000000000001
0.352
0.0
0.132
0.64
1.438
2.06
2.453
2.4210000000000003
1.841
1.22
0.514
0.014
0.061
0.48
1.198
1.905
2.4210000000000003
2.442
2.077
1.346
0.644
0.114
0.014
0.34
1.008
1.7870000000000001
2.334
2.469
2.161
1.491
0.761
0.168
0.0
0.28600000000000003
0.882
1.7
2.265
2.488
2.24
1.6560000000000001
0.929
0.294
0.0
0.186
0.799
1.5330000000000001
2.168
2.5020000000000002
2.337
1.7890000000000001
1.029
0.38
0.0
0.101
0.639
1.4000000000000001
2.108
2.465
2.388
1.936
1.149
0.459
0.041
0.054
0.536
1.266
2.059
2.439
2.447
1.931
1.302
0.556
0.069
0.02
0.391
1.141
1.851
2.374
2.453
2.1430000000000002
1.432
0.715
0.148
0.0
0.29
0.9540000000000001
1.687
2.289
2.494
2.238
1.612
0.866
0.261
0.0
0.189
0.798
1.5070000000000001
2.165
2.474
2.341
1.784
1.059
0.332
0.016
0.095
0.627
1.3960000000000001
2.065
2.465
2.4130000000000003
1.954
1.258
0.514
0.074
0.047
0.46
1.172
1.874
2.494
2.478
2.023
1.395
0.661
0.126
0.0
0.32
1.006
1.738
2.309
2.49
2.22
1.577
0.8280000000000001
0.229
0.029
0.21
0.8320000000000001
1.572
2.222
2.498
2.321
1.7870000000000001
1.004
0.326
0.0
0.127
0.652
1.399
2.193
2.455
2.392
1.915
1.174
0.47200000000000003
0.032
0.037
0.535
1.2510000000000001
1.944
2.4290000000000003
2.46
2.047
1.2610000000000001
0.5640000000000001
0.11
0.004
0.424
1.056
1.857
2.355
2.46
2.121
1.488
0.716
0.169
0.0
0.314
0.918
1.722
2.295
2.478
2.226
1.536
0.8270000000000001
0.232
0.007
0.224
0.894
1.591
2.239
2.503
2.318
1.726
0.9580000000000001
0.3
0.0
0.168
0.719
1.452
2.16
2.46
2.352
1.799
1.078
0.374
0.006
0.107
0.614
1.3860000000000001
2.058
2.452
2.403
1.8860000000000001
1.184
0.494
0.027
0.05
0.489
1.254
1.978
2.4050000000000002
2.415
2.007
1.31
0.547
0.088
0.023
0.426
1.106
1.846
2.347
2.452
2.141
1.47
0.6890000000000001
0.138
0.007
0.316
0.929
1.73
2.303
2.477
2.216
1.592
0.843
0.202
0.0
0.224
0.806
1.562
2.204
2.486
2.313
1.7530000000000001
0.03
0.305
0.0
0.116
0.681
1.465
2.067
2.457
2.39
1.843
1.159
0.456
0.043000000000000003
0.074
0.519
1.283
1.975
2.407
2.4290000000000003
2.02
1.295
0.5700000000000001
0.074
0.038
0.41400000000000003
1.104
1.875
2.352
2.492
2.142
1.477
0.736
0.157
0.0
0.294
0.96
1.722
2.2880000000000003
2.474
2.247
1.606
0.8310000000000001
0.232
0.0
0.184
0.804
1.572
2.229
2.476
2.324
1.756
0.988
0.315
0.0
0.154
0.666
1.425
2.107
2.478
2.369
1.85
1.154
0.384
0.036000000000000004
0.073
0.558
1.23
1.986
2.403
2.444
2.013
1.314
0.5740000000000001
0.07
0.012
0.418
1.071
1.852
2.355
2.471
2.126
1.498
0.759
0.165
0.005
0.257
0.909
1.678
2.267
2.495
2.2520000000000002
1.641
0.93
0.272
0.0
0.184
0.745
1.5270000000000001
2.146
2.495
2.358
1.811
1.054
0.398
0.008
0.10200000000000001
0.5750000000000001
1.314
2.044
2.454
2.422
1.983
1.266
0.532
0.06
0.04
0.434
1.177
1.889
2.3810000000000002
2.481
2.113
1.44
0.659
0.133
0.0
0.333
0.964
1.679
2.313
2.48
2.223
1.6
0.861
0.224
0.0
0.211
0.789
1.557
2.223
2.481
2.32
1.732
0.978
0.34700000000000003
0.013000000000000001
0.14
0.655
1.451
2.113
2.449
2.358
1.868
1.055
0.402
0.0
0.067
0.539
1.295
1.985
2.461
2.423
1.971
1.262
0.532
0.077
0.02
0.431
1.114
1.825
2.39
2.455
2.1
1.435
0.669
0.147
0.0
0.307
0.9520000000000001
1.723
2.283
2.507
2.234
1.633
0.869
0.221
0.007
0.166
0.796
1.497
2.184
2.5
2.344
1.82
1.028
0.379
0.006
0.11
0.589
1.361
2.047
2.468
2.403
1.917
1.1300000000000001
0.49
0.091
0.036000000000000004
0.487
1.203
1.8860000000000001
2.383
2.474
2.113
1.365
0.658
0.099
0.0
0.323
1.052
1.735
2.344
2.487
2.215
1.569
0.84
0.225
0.0
0.22
0.794
1.583
2.275
2.519
2.312
1.768
0.961
0.316
0.02
0.116
0.664
1.419
2.063
2.474
2.387
1.9180000000000001
1.1400000000000001
0.447
0.058
0.051000000000000004
0.531
1.214
1.925
2.432
2.466
2.021
1.317
0.621
0.096
0.003
0.368
1.042
1.7910000000000001
2.328
2.493
2.184
1.5190000000000001
0.739
0.19
0.008
0.263
0.891
1.618
2.274
2.5100000000000002
2.228
1.635
0.913
0.271
0.001
0.182
0.719
1.5150000000000001
2.168
2.477
2.32
1.797
1.114
0.381
0.02
0.078
0.55
1.343
2.0180000000000002
2.432
2.415
1.968
1.246
0.547
0.069
0.056
0.462
1.166
1.868
2.403
2.448
2.1
1.347
0.626
0.105
0.016
0.385
1.039
1.78
2.337
2.481
2.18
1.528
0.788
0.182
0.015
0.263
0.855
1.6280000000000001
2.267
2.482
2.291
1.687
0.8280000000000001
0.261
0.0
0.185
0.756
1.5150000000000001
2.191
2.469
2.329
1.7610000000000001
1.029
0.326
0.0
0.116
0.635
1.3940000000000001
2.079
2.466
2.307
1.905
1.185
0.495
0.053
0.051000000000000004
0.514
1.221
1.948
2.403
2.426
2.031
1.34
0.601
0.08
0.009000000000000001
0.421
1.054
1.842
2.386
2.455
2.1390000000000002
1.459
0.6930000000000001
0.14
0.006
0.328
0.9420000000000001
1.722
2.305
2.492
2.221
1.575
0.8310000000000001
0.201
0.0
0.23500000000000001
0.856
1.604
2.247
2.497
2.294
1.691
0.961
0.268
0.01
0.159
0.792
1.494
2.1670000000000003
2.487
2.379
1.815
1.063
0.352
0.003
0.095
0.643
1.3780000000000001
2.058
2.44
2.402
1.92
1.159
0.464
0.049
0.041
0.492
1.256
1.978
2.428
2.42
1.014
1.293
0.552
0.074
0.003
0.457
1.161
1.846
2.379
2.471
2.1
1.3780000000000001
0.68
0.133
0.016
0.323
1.033
1.782
2.345
2.486
2.195
1.49
0.742
0.153
0.0
0.249
0.926
1.655
2.2760000000000002
2.483
2.267
1.6560000000000001
0.857
0.244
0.003
0.192
0.805
1.552
2.185
2.484
2.294
1.717
0.9400000000000001
0.23
0.0
0.135
0.6950000000000001
1.475
2.1550000000000002
2.465
2.355
1.788
1.079
0.35100000000000003
0.023
0.09
0.65
1.44
2.076
2.447
2.394
1.923
1.104
0.442
0.016
0.045
0.547
1.286
2.975
2.44
2.437
2.027
1.2590000000000001
0.5660000000000001
0.074
0.051000000000000004
0.436
1.12
1.875
2.371
2.471
2.111
1.442
0.661
0.099
0.016
0.365
0.995
1.799
2.324
2.484
2.208
1.565
0.8300000000000001
0.202
0.0
0.246
0.866
1.6280000000000001
2.228
2.495
2.29
1.672
0.9540000000000001
0.3
0.01
0.163
0.704
1.495
2.133
2.489
2.36
1.818
1.074
0.392
0.0
0.10400000000000001
0.626
1.3780000000000001
2.054
2.436
2.408
1.917
1.178
0.444
0.035
0.055
0.514
1.233
1.983
2.403
2.436
1.989
1.332
0.556
0.10300000000000001
0.026000000000000002
0.436
1.149
1.883
2.383
2.471
2.103
1.416
0.684
0.157
0.0
0.34
0.992
1.74
2.319
2.499
2.236
1.556
0.804
0.186
0.0
0.243
0.88
1.591
2.253
2.481
2.294
1.738
0.9380000000000001
0.27
0.0
0.165
0.708
1.478
2.12
2.458
2.37
1.873
1.08
0.41000000000000003
0.008
0.099
0.594
1.32
2.0220000000000002
2.438
2.415
1.955
1.2690000000000001
0.47800000000000004
0.064
0.045
0.443
1.162
1.868
2.3890000000000002
2.423
2.086
1.393
0.622
0.12
0.0
0.336
1.036
1.7630000000000001
2.336
2.481
2.19
1.539
0.711
0.198
0.0
0.278
0.859
1.647
2.255
2.478
2.291
1.668
0.901
0.27
0.0
0.14100000000000001
0.7010000000000001
1.461
2.142
2.466
2.349
1.862
1.074
0.423
0.02
0.083
0.5690000000000001
1.296
2.054
2.444
2.4210000000000003
1.967
1.2750000000000001
0.51
0.069
0.052000000000000005
0.419
1.119
1.855
2.378
2.458
2.099
1.448
0.673
0.14100000000000001
0.0
0.328
0.919
1.702
2.283
2.5
2.222
1.6300000000000001
0.849
0.261
0.001
0.228
0.8170000000000001
1.573
2.189
2.49
2.323
1.736
0.979
0.356
0.01
0.131
0.643
1.417
2.094
2.458
2.3890000000000002
1.852
1.116
0.41000000000000003
0.039
0.091
0.5700000000000001
1.325
1.984
2.419
2.403
1.993
1.286
0.506
0.056
0.029
0.429
1.1320000000000001
1.834
2.4
2.473
2.136
1.4040000000000001
0.68
0.147
0.0
0.297
0.982
1.706
2.309
2.503
2.244
1.577
0.85
0.222
0.0
0.201
0.835
1.572
2.201
2.486
2.287
1.726
0.986
0.353
0.006
0.154
0.651
1.3900000000000001
2.116
2.453
2.358
1.875
1.156
0.448
0.003
0.08600000000000001
0.529
1.2530000000000001
2.004
2.426
2.438
2.0100000000000002
1.286
0.536
0.083
0.024
0.426
1.159
1.865
2.482
2.458
2.1
1.3760000000000001
0.65
0.123
0.0
0.34500000000000003
1.0170000000000001
1.754
2.321
2.478
2.199
1.514
0.788
0.224
0.0
0.256
0.884
1.657
2.235
2.481
2.297
1.62
0.9460000000000001
0.315
0.0
0.17200000000000001
0.7020000000000001
1.465
2.125
2.479
2.37
1.849
1.035
0.40800000000000003
0.019
0.107
0.5650000000000001
1.326
2.062
2.447
2.42
1.988
1.212
0.553
0.077
0.051000000000000004
0.432
1.179
1.943
2.387
2.465
2.076
1.3940000000000001
0.672
0.11
0.022
0.34800000000000003
0.991
1.76
2.303
2.5180000000000002
2.203
1.588
0.8180000000000001
0.241
0.004
0.2
0.8200000000000001
1.565
2.215
2.496
2.32
1.809
1.0230000000000001
0.379
0.008
0.11800000000000001
0.604
1.337
2.058
2.436
2.41
1.934
1.238
0.502
0.067
0.037
0.456
1.156
1.92
2.378
2.457
2.077
1.345
0.64
0.126
0.009000000000000001
0.323
0.992
1.73
2.302
2.4050000000000002
2.231
1.618
0.8170000000000001
0.201
0.002
0.223
0.8260000000000001
1.623
2.22
2.486
2.291
1.706
0.988
0.312
0.011
0.148
0.735
1.478
2.128
2.46
2.358
1.874
1.108
0.448
0.006
0.048
0.534
1.2670000000000001
1.971
2.449
2.432
1.996
1.315
0.527
0.099
0.025
0.41200000000000003
1.096
1.828
2.378
2.473
2.157
1.467
0.749
0.136
0.019
0.281
0.979
1.71
2.307
2.481
2.253
1.522
0.859
0.265
0.0
0.195
0.8170000000000001
1.57
2.193
2.471
2.342
1.812
1.024
0.358
0.0
0.138
0.663
1.3880000000000001
2.087
2.476
2.384
1.889
1.162
0.439
0.049
0.048
0.485
1.2630000000000001
1.959
2.436
2.461
2.071
1.338
0.622
0.099
0.024
0.463
1.055
1.826
2.324
2.481
2.15
1.506
0.749
0.166
0.0
0.262
0.891
1.649
2.275
2.494
2.273
1.668
0.879
0.279
0.0
0.198
0.763
1.502
2.157
2.466
2.32
1.805
1.089
0.362
0.021
0.099
0.599
1.324
2.041
2.443
2.436
1.965
1.19
0.51
0.033
0.029
0.516
1.198
1.93
2.38
2.46
2.077
1.346
0.63
0.124
0.01
0.359
1.006
1.7890000000000001
2.31
2.519
2.174
1.577
0.811
0.195
0.0
0.22
0.8250000000000001
1.677
2.232
2.478
2.3000000000000003
1.718
0.924
0.31
0.0
0.146
0.713
1.426
2.141
2.561
2.374
1.868
1.103
0.41000000000000003
0.0
0.099
0.558
1.324
2.0100000000000002
2.458
2.428
1.989
1.29
0.558
0.074
0.046
0.448
1.162
1.9180000000000001
2.395
2.471
2.062
1.411
0.685
0.127
0.0
0.341
0.985
1.702
2.303
2.5100000000000002
2.2
1.576
0.797
0.20600000000000002
0.0
0.22
0.8220000000000001
1.675
2.216
2.481
2.282
1.722
0.995
0.22
0.013000000000000001
0.146
0.7010000000000001
1.436
2.12
2.471
2.3890000000000002
1.875
1.095
0.431
0.029
0.079
0.556
1.2690000000000001
1.975
2.448
2.445
1.997
1.285
0.545
0.094
0.036000000000000004
0.449
1.109
1.8840000000000001
2.363
2.465
2.1310000000000002
1.461
0.716
0.14200000000000002
0.015
0.29
0.904
1.689
2.294
2.5100000000000002
2.236
1.659
0.859
0.228
0.0
0.183
0.787
1.557
2.176
2.493
2.342
1.772
1.069
0.334
0.025
0.127
0.605
1.3840000000000001
2.044
2.439
2.39
1.9060000000000001
1.185
0.46900000000000003
0.045
0.052000000000000005
0.509
1.196
1.934
2.379
2.461
2.075
1.372
0.629
0.128
0.004
0.363
1.058
1.7830000000000001
2.35
2.492
2.191
1.452
0.747
0.185
0.0
0.26
0.872
1.635
2.236
2.486
2.259
1.6620000000000001
0.919
0.203
0.0
0.162
0.752
1.486
2.153
2.478
2.3810000000000002
1.859
1.072
0.4
0.007
0.113
0.618
1.304
2.0420000000000003
2.449
2.4290000000000003
1.977
1.208
0.5
0.042
0.055
0.497
1.212
1.913
2.3970000000000002
2.455
2.07
1.416
0.642
0.112
0.009000000000000001
0.292
1.0210000000000001
1.739
2.31
2.492
2.231
1.5270000000000001
0.811
0.218
0.0
0.23600000000000002
0.855
1.578
2.233
2.495
2.3000000000000003
1.686
0.966
0.337
0.0
0.17200000000000001
0.678
1.444
2.112
2.479
2.378
1.875
1.129
0.434
0.051000000000000004
0.085
0.506
1.246
2.0020000000000002
2.436
2.442
2.0220000000000002
1.336
0.5640000000000001
0.08
0.016
0.384
1.04
1.801
2.361
2.478
2.202
1.514
0.757
0.17500000000000002
0.0
0.281
0.962
1.61
2.229
2.5100000000000002
2.273
1.7
0.996
0.317
0.011
0.124
0.709
1.448
2.088
2.489
2.399
1.899
1.112
0.454
0.025
0.07
0.482
1.2510000000000001
1.939
2.408
2.442
2.087
1.34
0.631
0.138
0.02
0.327
1.03
1.784
2.324
2.498
2.102
1.541
0.834
0.20800000000000002
0.0
0.211
0.8210000000000001
1.578
2.212
2.489
2.338
1.7810000000000001
1.0110000000000001
0.357
0.0
0.124
0.593
1.3880000000000001
2.033
2.43
2.41
1.959
1.224
0.545
0.053
0.043000000000000003
0.433
1.124
1.8960000000000001
2.378
2.478
2.115
1.44
0.664
0.163
0.005
0.329
0.925
1.681
2.312
2.507
2.234
1.598
0.86
0.24
0.0
0.184
0.801
1.551
2.165
2.521
2.311
1.768
0.987
0.354
0.004
0.114
0.651
1.42
2.111
2.449
2.394
1.913
1.154
0.438
0.019
0.043000000000000003
0.507
1.254
1.933
2.4210000000000003
2.444
2.031
1.333
0.585
0.099
0.0
0.383
1.091
1.83
2.361
2.473
2.157
1.477
0.755
0.169
0.011
0.272
0.923
1.68
2.216
2.469
2.248
1.663
0.96
0.262
0.005
0.154
0.72
1.469
2.133
2.464
2.357
1.849
1.109
0.401
0.02
0.069
0.538
1.298
1.997
2.439
2.449
1.991
1.313
0.546
0.08600000000000001
0.014
0.429
1.108
1.844
2.373
2.483
2.123
1.468
0.733
0.164
0.0
0.301
0.936
1.675
2.2920000000000003
2.505
2.25
1.6540000000000001
0.866
0.268
0.0
0.183
0.782
1.548
2.184
2.469
2.341
1.813
1.043
0.398
0.012
0.106
0.583
1.305
2.011
2.4290000000000003
2.42
1.991
1.246
0.554
0.082
0.01
0.452
1.189
1.861
2.382
2.478
2.133
1.436
0.755
0.168
0.024
0.28400000000000003
0.918
1.691
2.262
2.505
2.231
1.6340000000000001
0.898
0.252
0.002
0.148
0.758
1.536
2.152
2.449
2.342
1.834
1.104
0.40700000000000003
0.009000000000000001
0.069
0.581
1.319
2.033
2.442
2.442
1.983
1.283
0.519
0.091
0.038
0.448
1.135
1.881
2.376
2.461
2.146
1.494
0.6890000000000001
0.147
0.012
0.28800000000000003
0.932
1.683
2.281
2.5
2.2760000000000002
1.6
0.921
0.281
0.022
0.181
0.725
1.475
2.113
2.478
2.386
1.86
1.104
0.41500000000000004
0.009000000000000001
0.088
0.555
1.278
1.985
2.457
2.436
2.0460000000000003
1.288
0.617
0.074
0.035
0.395
1.056
1.823
2.358
2.481
2.157
1.449
0.743
0.194
0.018000000000000002
0.264
0.932
1.6280000000000001
2.289
2.507
2.24
1.672
0.961
0.259
0.0
0.161
0.718
1.461
2.1550000000000002
2.486
2.3810000000000002
1.86
1.117
0.423
0.041
0.083
0.547
1.2550000000000001
2.0020000000000002
2.41
2.411
1.981
1.282
0.527
0.061
0.037
0.44
1.151
1.859
2.368
2.461
2.122
1.478
0.6950000000000001
0.128
0.0
0.303
0.936
1.691
2.287
2.5060000000000002
2.218
1.639
0.837
0.242
0.0
0.195
0.765
1.549
2.196
2.511
2.318
1.799
0.992
0.34400000000000003
0.029
0.138
0.651
1.349
2.067
2.482
2.387
1.899
1.19
0.457
0.029
0.076
0.588
1.219
1.97
2.4130000000000003
2.445
2.025
1.338
0.605
0.112
0.01
0.387
1.09
1.822
2.336
2.474
2.136
1.478
0.732
0.182
0.006
0.25
0.866
1.639
2.283
2.505
2.297
1.661
0.912
0.29
0.0
0.153
0.721
1.504
2.116
2.482
2.378
1.867
1.086
0.41000000000000003
0.017
0.09
0.5660000000000001
1.331
2.0220000000000002
2.461
2.416
1.993
1.256
0.51
0.058
0.042
0.41400000000000003
1.12
1.8840000000000001
2.46
2.491
2.109
1.452
0.669
0.135
0.0
0.281
0.9430000000000001
1.681
2.313
2.5060000000000002
2.241
1.624
0.881
0.253
0.005
0.203
0.804
1.537
2.178
2.473
2.344
1.7910000000000001
1.056
0.34800000000000003
0.013000000000000001
0.07
0.589
1.339
2.0460000000000003
2.455
2.4290000000000003
1.965
1.225
0.522
0.07
0.048
0.447
1.174
1.859
2.363
2.479
2.1
1.438
0.667
0.158
0.013000000000000001
0.334
0.981
1.714
2.335
2.503
2.231
1.598
0.872
0.216
0.0
0.201
0.747
1.504
2.172
2.494
2.357
1.801
1.058
0.403
0.011
0.177
0.591
1.349
2.0420000000000003
2.457
2.415
1.929
1.241
0.468
0.062
0.053
0.453
1.153
1.907
2.39
2.459
2.0180000000000002
1.372
0.676
0.097
0.019
0.303
0.984
1.768
2.299
2.498
2.204
1.564
0.801
0.217
0.0
0.241
0.872
1.6260000000000001
2.237
2.492
2.2920000000000003
1.717
0.961
0.329
0.0
0.17
0.714
1.451
2.123
2.461
2.356
1.8880000000000001
1.116
0.43
0.002
0.057
0.5630000000000001
1.285
2.025
2.445
2.4210000000000003
2.009
1.312
0.56
0.081
0.004
0.41200000000000003
1.137
1.871
2.367
2.469
2.145
1.491
0.767
0.167
0.0
0.297
0.91
1.681
2.2840000000000003
2.479
2.245
1.665
0.833
0.266
0.0
0.176
0.761
1.58
2.15
2.473
2.352
1.784
1.061
0.40900000000000003
0.016
0.078
0.606
1.345
2.007
2.461
2.42
1.0230000000000001
1.266