
1.645
0.837
1.6640000000000001
0.809
1.649
0.808
1.668
0.778
1.693
0.785
1.718
0.766
1.71
0.772
1.712
0.723
1.743
0.724
1.74
0.709
1.772
0.727
1.78
0.6980000000000001
1.804
0.6980000000000001
1.816
0.7010000000000001
1.813
0.675
1.833
0.659
1.851
0.633
1.857
0.611
1.8880000000000001
0.61
1.8920000000000001
0.589
1.881
0.587
1.9040000000000001
0.597
1.9100000000000001
0.5690000000000001
1.935
0.552
1.921
0.543
1.975
0.535
1.991
0.527
1.971
0.51
2.004
0.49
2.017
0.493
1.997
0.47700000000000004
2.023
0.47800000000000004
2.0180000000000002
0.464
2.025
0.423
2.049
0.452
2.058
0.423
2.051
0.41500000000000004
2.054
0.417
2.094
0.391
2.092
0.39
2.097
0.37
2.112
0.359
2.113
0.391
2.099
0.377
2.134
0.34400000000000003
2.145
0.342
2.1390000000000002
0.34
2.1550000000000002
0.329
2.1630000000000003
0.321
2.158
0.334
2.1670000000000003
0.338
2.158
0.326
2.1630000000000003
0.31
2.162
0.321
2.183
0.312
2.178
0.28400000000000003
2.183
0.303
2.203
0.268
2.187
0.266
2.194
0.28300000000000003
2.221
0.244
2.21
0.274
2.236
0.265
2.244
0.259
2.215
0.253
2.242
0.254
2.274
0.216
2.223
0.227
2.249
0.232
2.253
0.20400000000000001
2.228
0.20600000000000002
2.271
0.221
2.287
0.219
2.287
0.202
2.291
0.17
2.2800000000000002
0.191
2.2920000000000003
0.178
2.316
0.178
2.32
0.19
2.313
0.19
2.328
0.178
2.319
0.167
2.334
0.145
2.341
0.151
2.336
0.127
2.32
0.145
2.337
0.139
2.339
0.145
2.352
0.137
2.374
0.108
2.371
0.11
2.359
0.131
2.38
0.124
2.366
0.101
2.379
0.091
2.378
0.093
2.374
0.095
2.3970000000000002
0.083
2.3970000000000002
0.066
2.3810000000000002
0.064
2.3850000000000002
0.091
2.395
0.053
2.4130000000000003
0.059000000000000004
2.392
0.066
2.415
0.074
2.445
0.064
2.423
0.095
2.432
0.047
2.431
0.053
2.436
0.065
2.416
0.048
2.452
0.022
2.423
0.022
2.436
0.045
2.428
0.02
2.458
0.019
2.452
0.019
2.447
0.014
2.445
0.039
2.449
0.037
2.444
0.016
2.444
0.014
2.465
0.026000000000000002
2.453
0.01
2.461
0.008
2.484
0.004
2.494
0.006
2.481
0.004
2.473
0.019
2.463
0.011
2.497
0.012
2.481
0.008
2.465
0.016
2.505
0.0
2.494
0.0
2.465
0.002
2.481
0.014
2.494
0.007
2.483
0.01
2.473
0.006
2.489
0.0
2.471
0.009000000000000001
2.403
0.0
2.484
0.004
2.487
0.0
2.484
0.004
2.508
0.002
2.516
0.0
2.481
0.003
2.487
0.006
2.5260000000000002
0.0
2.505
0.0
2.484
0.0
2.5260000000000002
0.0
2.48
0.0
2.507
0.0
2.479
0.007
2.491
0.053
2.492
0.0
2.5
0.0
2.5
0.0
2.48
0.002
2.482
0.006
2.46
0.004
2.507
0.02
2.467
0.022
2.492
0.003
2.477
0.019
2.471
0.019
2.48
0.008
2.477
0.01
2.469
0.0
2.471
0.022
2.449
0.012
2.469
0.039
2.461
0.023
2.463
0.022
2.445
0.047
2.434
0.03
2.455
0.037
2.454
0.039
2.431
0.029
2.423
0.044
2.427
0.056
2.424
0.042
2.415
0.067
2.44
0.07
2.411
0.049
2.431
0.051000000000000004
2.4130000000000003
0.051000000000000004
2.439
0.057
2.3970000000000002
0.067
2.41
0.088
2.39
0.088
2.406
0.067
2.41
0.091
2.374
0.081
2.3930000000000002
0.13
2.358
0.124
2.37
0.136
2.384
0.10400000000000001
2.365
0.137
2.35
0.117
2.339
0.128
2.357
0.132
2.369
0.128
2.352
0.132
2.342
0.158
2.345
0.166
2.342
0.166
2.336
0.152
2.332
0.157
2.347
0.149
2.287
0.171
2.308
0.17500000000000002
2.323
0.166
2.323
0.18
2.291
0.183
2.303
0.211
2.2960000000000003
0.215
2.279
0.211
2.2760000000000002
0.192
2.291
0.20600000000000002
2.274
0.201
2.2680000000000002
0.203
2.253
0.24
2.245
0.222
2.261
0.246
2.22
0.23600000000000002
2.221
0.259
2.242
0.247
2.244
0.244
2.212
0.276
2.191
0.255
2.223
0.261
2.2
0.298
2.2
0.218
2.204
0.28400000000000003
2.2
0.291
2.177
0.312
2.183
0.305
2.1750000000000003
0.302
2.166
0.318
2.1750000000000003
0.294
2.154
0.327
2.15
0.336
2.134
0.34
2.149
0.362
2.122
0.377
2.092
0.374
2.116
0.358
2.1390000000000002
0.381
2.112
0.39
2.116
0.398
2.104
0.395
2.079
0.373
2.1
0.386
2.087
0.41300000000000003
2.083
0.399
2.083
0.402
2.063
0.437
2.031
0.41600000000000004
2.062
0.41300000000000003
2.061
0.454
2.05
0.452
2.036
0.448
2.0100000000000002
0.47000000000000003
2.013
0.47600000000000003
2.029
0.492
1.981
0.486
2.0100000000000002
0.491
1.988
0.47600000000000003
2.0020000000000002
0.532
1.977
0.527
1.965
0.514
1.964
0.514
1.964
0.512
1.944
0.527
1.959
0.55
1.9020000000000001
0.557
1.915
0.5670000000000001
1.9020000000000001
0.585
1.9100000000000001
0.5760000000000001
1.871
0.597
1.909
0.584
1.855
0.602
1.867
0.642
1.851
0.611
1.825
0.655
1.851
0.619
1.83
0.629
1.826
0.646
1.828
0.649
1.797
0.673
1.814
0.673
1.788
0.676
1.793
0.684
1.784
0.686
1.7890000000000001
0.708
1.764
0.718
1.7570000000000001
0.734
1.762
0.754
1.743
0.734
1.712
0.791
1.723
0.793
1.699
0.763
1.706
0.805
1.684
0.8210000000000001
1.668
0.801
1.67
0.848
1.6280000000000001
0.835
1.6460000000000001
0.865
1.6320000000000001
0.846
1.618
0.872
1.633
0.883
1.631
0.906
1.613
0.892
1.59
0.904
1.57
0.93
1.541
0.919
1.536
0.9440000000000001
1.546
0.9460000000000001
1.514
0.973
1.483
0.9540000000000001
1.53
0.96
1.49
0.968
1.472
0.978
1.572
1.02
1.476
1.006
1.471
1.014
1.475
1.01
1.436
1.046
1.419
1.038
1.436
1.032
1.416
1.069
1.399
1.076
1.415
1.079
1.3780000000000001
1.091
1.403
1.088
1.361
1.097
1.369
1.104
1.377
1.109
1.342
1.124
1.306
1.133
1.324
1.1520000000000001
1.325
1.17
1.307
1.211
1.283
1.203
1.266
1.187
1.29
1.174
1.294
1.24
1.245
1.2510000000000001
1.227
1.249
1.232
1.2650000000000001
1.24
1.2590000000000001
1.224
1.274
1.2670000000000001
1.2670000000000001
1.199
1.29
1.17
1.306
1.164
1.315
1.19
1.317
1.149
1.315
1.1460000000000001
1.349
1.147
1.36
1.1
1.344
1.104
1.367
1.116
1.385
1.093
1.4060000000000001
1.086
1.403
1.056
1.412
1.07
1.436
1.063
1.427
1.053
1.449
1.03
1.454
1.033
1.471
0.998
1.506
0.996
1.51
0.975
1.5070000000000001
0.9480000000000001
1.53
0.9590000000000001
1.569
0.9430000000000001
1.538
0.9460000000000001
1.543
0.921
1.56
0.901
1.589
0.904
1.614
0.882
1.601
0.843
1.6280000000000001
0.852
1.617
0.846
1.6440000000000001
0.84
1.6360000000000001
0.849
1.651
0.85
1.6600000000000001
0.8140000000000001
1.682
0.812
1.704
0.798
1.703
0.793
1.693
0.758
1.715
0.787
1.743
0.758
1.733
0.763
1.724
0.716
1.764
0.722
1.776
0.6940000000000001
1.7610000000000001
0.6930000000000001
1.782
0.687
1.788
0.7030000000000001
1.813
0.7000000000000001
1.813
0.657
1.833
0.659
1.816
0.666
1.86
0.619
1.844
0.616
1.852
0.603
1.889
0.557
1.885
0.6
1.887
0.5640000000000001
1.907
0.5740000000000001
1.939
0.54
1.927
0.544
1.959
0.521
1.95
0.53
1.981
0.511
1.96
0.489
1.976
0.47200000000000003
1.989
0.47200000000000003
1.931
0.47800000000000004
1.9180000000000001
0.444
2.0380000000000003
0.456
2.023
0.465
2.058
0.427
2.051
0.41400000000000003
2.075
0.433
2.097
0.41500000000000004
2.097
0.483
2.094
0.381
2.11
0.358
2.129
0.339
2.113
0.332
2.138
0.333
2.137
0.322
2.142
0.306
2.146
0.332
2.179
0.319
2.184
0.298
2.194
0.28500000000000003
2.213
0.276
2.224
0.267
2.22
0.269
2.228
0.271
2.242
0.257
2.237
0.258
2.241
0.244
2.25
0.216
2.278
0.217
2.247
0.217
2.281
0.18
2.2
0.20400000000000001
2.317
0.201
2.323
0.189
2.312
0.17
2.316
0.146
2.316
0.165
2.311
0.168
2.355
0.156
2.352
0.15
2.332
0.133
2.357
0.136
2.349
0.133
2.361
0.107
2.3810000000000002
0.115
2.374
0.093
2.365
0.088
2.37
0.107
2.371
0.068
2.3890000000000002
0.19
2.403
0.078
2.395
0.091
2.3970000000000002
0.085
2.39
0.063
2.406
0.08600000000000001
2.399
0.065
2.42
0.065
2.4130000000000003
0.052000000000000005
2.432
0.04
2.41
0.053
2.439
0.041
2.458
0.029
2.465
0.02
2.452
0.032
2.457
0.039
2.442
0.04
2.453
0.012
2.468
0.026000000000000002
2.458
0.02
2.471
0.026000000000000002
2.471
0.02
2.479
0.0
2.484
0.02
2.47
0.009000000000000001
2.489
0.004
2.494
0.001
2.458
0.003
2.508
0.0
2.5020000000000002
0.0
2.469
0.0
2.468
0.003
2.474
0.0
2.5020000000000002
0.0
2.5
0.004
2.486
0.0
2.474
0.0
2.487
0.0
2.513
0.004
2.513
0.0
2.49
0.0
2.498
0.0
2.494
0.003
2.476
0.0
2.482
0.006
2.474
0.0
2.5100000000000002
0.0
2.505
0.0
2.474
0.0
2.503
0.008
2.484
0.0
2.507
0.01
2.508
0.0
2.487
0.0
2.484
0.0
2.489
0.016
2.471
0.013000000000000001
2.49
0.041
2.484
0.02
2.49
0.02
2.482
0.0
2.482
0.021
2.477
0.02
2.474
0.031
2.468
0.019
2.465
0.038
2.455
0.014
2.438
0.041
2.449
0.045
2.453
0.025
2.431
0.052000000000000005
2.451
0.038
2.445
0.049
2.423
0.053
2.41
0.053
2.4130000000000003
0.038
2.436
0.058
2.4
0.077
2.407
0.062
2.395
0.074
2.419
0.065
2.387
0.10300000000000001
2.402
0.099
2.373
0.095
2.368
0.116
2.361
0.11
2.361
0.14400000000000002
2.349
0.132
2.363
0.112
2.341
0.136
2.339
0.127
2.35
0.162
2.316
0.17200000000000001
2.321
0.186
2.312
0.186
2.307
0.186
2.3000000000000003
0.17400000000000002
2.31
0.181
2.291
0.19
2.307
0.188
2.278
0.198
2.298
0.214
2.2840000000000003
0.218
2.258
0.246
2.283
0.253
2.242
0.245
2.224
0.261
2.247
0.262
2.229
0.24
2.214
0.28600000000000003
2.21
0.268
2.2
0.276
2.174
0.302
2.1750000000000003
0.28600000000000003
2.194
0.322
2.176
0.311
2.172
0.331
2.1710000000000003
0.335
2.164
0.328
2.154
0.34400000000000003
2.1470000000000002
0.372
2.12
0.364
2.112
0.374
2.108
0.398
2.102
0.406
2.083
0.381
2.054
0.428
2.076
0.441
2.028
0.446
2.052
0.455
2.015
0.459
2.0420000000000003
0.47600000000000003
2.0220000000000002
0.502
2.983
0.503
1.971
0.502
1.971
0.533
1.983
0.536
1.934
0.52
1.952
0.5690000000000001
1.913
0.527
1.934
0.539
1.925
0.5690000000000001
1.8940000000000001
0.588
1.923
0.5750000000000001
1.891
0.622
1.8960000000000001
0.601
1.891
0.61
1.848
0.618
1.848
0.64
1.847
0.642
1.825
0.636
1.815
0.656
1.817
0.652
1.813
0.673
1.768
0.6980000000000001
1.776
0.717
1.793
0.718
1.736
0.733
1.7650000000000001
0.763
1.729
0.741
1.726
0.797
1.717
0.785
1.691
0.776
1.71
0.809
1.674
0.8170000000000001
1.649
0.8260000000000001
1.67
0.8250000000000001
1.649
0.858
1.639
0.842
1.598
0.885
1.598
0.881
1.603
0.907
1.572
0.911
1.569
0.933
1.56
0.979
1.5330000000000001
0.9590000000000001
1.5310000000000001
0.985
1.499
0.991
1.485
0.994
1.471
0.985
1.457
1.027
1.461
1.0170000000000001
1.48
1.059
1.454
1.012
1.436
1.07
1.3940000000000001
1.067
1.4000000000000001
1.073
1.393
1.106
1.365
1.07
1.367
1.137
1.32
1.153
1.311
1.1280000000000001
1.315
1.196
1.311
1.154
1.282
1.21
1.27
1.227
1.254
1.245
1.245
1.243
1.241
1.2610000000000001
1.24
1.272
1.217
1.272
1.213
1.266
1.185
1.299
1.182
1.311
1.158
1.306
1.161
1.315
1.159
1.319
1.149
1.362
1.159
1.361
1.115
1.357
1.1300000000000001
1.3900000000000001
1.1300000000000001
1.3780000000000001
1.111
1.3980000000000001
1.091
1.387
1.107
1.4040000000000001
1.07
1.436
1.083
1.443
1.067
1.433
1.036
1.456
1.057
1.441
1.037
1.481
1.0210000000000001
1.481
0.996
1.48
0.985
1.51
0.9580000000000001
1.536
0.967
1.5130000000000001
0.928
1.52
0.9450000000000001
1.541
0.885
1.574
0.921
1.572
0.908
1.618
0.892
1.61
0.859
1.623
0.844
1.619
0.8280000000000001
1.6500000000000001
0.8140000000000001
1.683
0.795
1.681
0.8
1.694
0.781
1.689
0.767
1.703
0.737
1.704
0.75
1.739
0.739
1.741
0.72
1.7530000000000001
0.6970000000000001
1.7610000000000001
0.7000000000000001
1.797
0.6980000000000001
1.786
0.6890000000000001
1.809
0.6930000000000001
1.795
0.672
1.809
0.648
1.822
0.648
1.844
0.618
1.855
0.647
1.843
0.643
1.879
0.598
1.867
0.505
1.847
0.601
1.873
0.604
1.889
0.5760000000000001
1.921
0.552
1.928
0.539
1.929
0.539
1.962
0.531
1.937
0.511
1.962
0.535
2.0
0.487
1.983
0.46
1.996
0.46900000000000003
2.0260000000000002
0.482
2.028
0.444
2.037
0.444
2.036
0.427
2.065
0.425
2.067
0.424
2.073
0.424
2.083
0.377
2.107
0.386
2.081
0.379
2.133
0.372
2.118
0.375
2.128
0.343
2.133
0.361
2.1390000000000002
0.356
2.172
0.342
2.166
0.338
2.194
0.388
2.18
0.299
2.193
0.28
2.184
0.291
2.208
0.253
2.116
0.274
2.223
0.23900000000000002
2.241
0.254
2.223
0.249
2.242
0.23700000000000002
2.258
0.232
2.244
0.217
2.263
0.218
2.27
0.195
2.291
0.20600000000000002
2.295
0.166
2.306
0.19
2.332
0.179
2.337
0.151
2.305
0.158
2.341
0.138
2.349
0.125
2.344
0.14100000000000001
2.363
0.138
2.3890000000000002
0.126
2.382
0.095
2.358
0.109
2.371
0.096
2.39
0.094
2.3810000000000002
0.097
2.486
0.08600000000000001
2.411
0.079
2.416
0.085
2.384
0.092
2.41
0.053
2.428
0.083
2.42
0.051000000000000004
2.423
0.068
2.416
0.069
2.44
0.033
2.449
0.035
2.445
0.048
2.433
0.046
2.452
0.028
2.463
0.045
2.445
0.026000000000000002
2.474
0.025
2.47
0.031
2.449
0.037
2.473
0.006
2.481
0.0
2.484
0.036000000000000004
2.484
0.0
2.453
0.025
2.49
0.01
2.497
0.0
2.5
0.006
2.47
0.0
2.471
0.0
2.504
0.0
2.478
0.0
2.505
0.008
2.5020000000000002
0.0
2.49
0.0
2.499
0.0
2.484
0.0
2.491
0.0
2.5060000000000002
0.0
2.474
0.0
2.503
0.003
2.503
0.012
2.5
0.007
2.469
0.0
2.482
0.0
2.494
0.0
2.487
0.013000000000000001
2.473
0.016
2.481
0.004
2.5020000000000002
0.016
2.481
0.0
2.471
0.001
2.49
0.0
2.452
0.016
2.486
0.013000000000000001
2.458
0.021
2.452
0.037
2.478
0.04
2.4210000000000003
0.022
2.469
0.073
2.465
0.027
2.445
0.03
2.433
0.045
2.441
0.04
2.424
0.032
2.452
0.061
2.44
0.045
2.416
0.076
2.41
0.08
2.437
0.062
2.402
0.06
2.403
0.064
2.3890000000000002
0.099
2.407
0.091
2.4
0.095
2.3970000000000002
0.08
2.368
0.112
2.373
0.132
2.374
0.134
2.345
0.13
2.378
0.139
2.345
0.15
2.331
0.14300000000000002
2.345
0.157
2.337
0.165
2.308
0.16
2.316
0.176
2.3040000000000003
0.194
2.295
0.186
2.307
0.191
2.289
0.195
2.257
0.189
2.258
0.211
2.262
0.24
2.253
0.244
2.262
0.232
2.2600000000000002
0.259
2.229
0.271
2.226
0.273
2.197
0.29
2.191
0.266
2.195
0.272
2.184
0.298
2.17
0.313
2.164
0.307
2.187
0.319
2.166
0.318
2.144
0.323
2.17
0.34800000000000003
2.146
0.37
2.132
0.371
2.097
0.377
2.097
0.378
2.079
0.392
2.091
0.404
2.068
0.405
2.071
0.418
2.053
0.429
2.029
0.462
2.0100000000000002
0.459
2.025
0.457
2.004
0.464
2.028
0.47900000000000004
2.0
0.511
1.993
0.49
1.963
0.498
1.979
0.529
1.936
0.544
1.932
0.5630000000000001
1.943
0.559
1.921
0.537
1.938
0.546
1.9040000000000001
0.5680000000000001
1.8920000000000001
0.513
1.874
0.605
1.863
0.627
1.855
0.62
1.87
0.627
1.849
0.672
1.823
0.669
1.846
0.647
1.889
0.685
1.822
0.677
1.794
0.6900000000000001
1.81
0.718
1.7810000000000001
0.714
1.722
0.731
1.726
0.747
1.709
0.748
1.709
0.779
1.683
0.712
1.67
0.802
1.6540000000000001
0.801
1.641
0.8310000000000001
1.643
0.842
1.6520000000000001
0.888
1.625
0.894
1.598
0.887
1.557
0.914
1.561
0.9380000000000001
1.5190000000000001
0.9590000000000001
1.514
0.987
1.528
1.008
1.477
1.008
1.482
1.018
1.449
1.03
1.42
1.051
1.429
1.051
1.4040000000000001
1.059
1.417
1.075
1.3860000000000001
1.098
1.473
1.127
1.358
1.141
1.339
1.155
1.319
1.19
1.307
1.203
1.2750000000000001
1.208
1.2770000000000001
1.19
1.243
1.232
1.227
1.2530000000000001
1.23
1.2510000000000001
1.239
1.2590000000000001
1.216
1.304
1.213
1.31
1.204
1.294
1.166
1.314
1.135
1.343
1.124
1.353
1.125
1.336
1.133
1.375
1.106
1.403
1.104
1.425
1.097
1.417
1.05
1.435
1.062
1.432
1.03
1.452
1.043
1.463
1.014
1.49
0.975
1.5070000000000001
0.968
1.52
0.974
1.548
0.9540000000000001
1.544
0.9580000000000001
1.573
0.929
1.568
0.883
1.6
0.889
1.614
0.861
1.613
0.85
1.649
0.85
1.666
0.844
1.67
0.8170000000000001
1.674
0.8200000000000001
1.72
0.8130000000000001
1.693
0.788
1.738
0.769
1.744
0.742
1.754
0.73
1.7510000000000001
0.719
1.778
0.6910000000000001
1.78
0.708
1.822
0.649
1.846
0.642
1.849
0.623
1.863
0.639
1.852
0.597
1.875
0.617
1.8840000000000001
0.592
1.804
0.5730000000000001
1.92
0.536
1.952
0.552
1.928
0.539
1.96
0.498
1.975
0.498
1.968
0.485
1.984
0.46900000000000003
2.017
0.453
2.004
0.452
2.0420000000000003
0.427
2.062
0.427
2.054
0.418
2.075
0.402
2.091
0.359
2.11
0.361
2.097
0.367
2.122
0.34
2.1390000000000002
0.323
2.157
0.33
2.189
0.315
2.1750000000000003
0.28700000000000003
2.181
0.27
2.204
0.28300000000000003
2.198
0.28
2.216
0.254
2.233
0.274
2.231
0.23800000000000002
2.2520000000000002
0.216
2.2520000000000002
0.219
2.273
0.196
2.29
0.216
2.3040000000000003
0.171
2.2840000000000003
0.192
2.307
0.161
2.294
0.154
2.328
0.154
2.339
0.157
2.357
0.149
2.368
0.14
2.363
0.135
2.374
0.10300000000000001
2.376
0.11
2.3970000000000002
0.11
2.423
0.084
2.392
0.107
2.37
0.078
2.373
0.062
2.406
0.07
2.395
0.055
2.399
0.07
2.423
0.065
2.414
0.068
2.436
0.06
2.42
0.058
2.453
0.045
2.439
0.056
2.436
0.047
2.455
0.038
2.451
0.024
2.449
0.046
2.461
0.037
2.461
0.013000000000000001
2.465
0.033
2.449
0.014
2.461
0.027
2.443
0.028
2.478
0.01
2.465
0.007
2.452
0.006
2.47
0.02
2.487
0.0
2.492
0.025
2.479
0.019
2.481
0.0
2.498
0.019
2.468
0.006
2.499
0.0
2.503
0.008
2.495
0.0
2.503
0.0
2.489
0.0
2.503
0.0
2.503
0.014
2.503
0.001
2.473
0.0
2.579
0.0
2.505
0.0
2.503
0.004
2.511
0.003
2.5
0.003
2.497
0.001
2.497
0.0
2.494
0.0
2.497
0.006
2.471
0.0
2.507
0.0
2.499
0.006
2.592
0.0
2.473
0.0
2.476
0.0
2.491
0.0
2.479
0.012
2.487
0.028
2.45
0.015
2.457
0.008
2.452
0.0
2.477
0.037
2.46
0.001
2.479
0.041
2.454
0.044
2.478
0.049
2.449
0.06
2.458
0.029
2.4290000000000003
0.045
2.4130000000000003
0.046
2.449
0.042
2.408
0.07
2.42
0.068
2.403
0.048
2.428
0.074
2.423
0.068
2.4050000000000002
0.083
2.3890000000000002
0.076
2.3810000000000002
0.099
2.402
0.08600000000000001
2.361
0.112
2.382
0.112
2.371
0.1
2.353
0.136
2.349
0.14300000000000002
2.332
0.145
2.354
0.132
2.35
0.139
2.315
0.163
2.316
0.178
2.318
0.162
2.324
0.171
2.289
0.178
2.291
0.107
2.2840000000000003
0.193
2.263
0.228
2.289
0.226
2.253
0.215
2.255
0.23
2.245
0.244
2.233
0.261
2.236
0.242
2.236
0.257
2.216
0.29
2.205
0.278
2.207
0.274
2.205
0.298
2.18
0.317
2.166
0.308
2.141
0.34700000000000003
2.129
0.329
2.144
0.376
2.136
0.373
2.129
0.381
2.087
0.361
2.162
0.39
2.096
0.396
2.094
0.405
2.067
0.439
2.058
0.427
2.036
0.46
2.039
0.44
2.029
0.464
1.984
0.485
1.997
0.492
1.984
0.498
1.981
0.505
1.961
0.535
1.946
0.543
1.954
0.5670000000000001
1.923
0.558
1.925
0.5680000000000001
1.913
0.61
1.863
0.6
1.865
0.605
1.865
0.604
1.891
0.633
1.839
0.657
1.829
0.658
1.813
0.675
1.831
0.668
1.7770000000000001
0.718
1.7810000000000001
0.6930000000000001
1.758
0.72
1.768
0.724
1.7670000000000001
0.743
1.736
0.747
1.731
0.761
1.692
0.7010000000000001
1.691
0.8210000000000001
1.685
0.802
1.697
0.78
1.657
0.719
1.668
0.8320000000000001
1.631
0.864
1.639
0.88
1.6260000000000001
0.898
1.61
0.8210000000000001
1.575
0.882
1.575
0.914
1.536
0.913
1.546
0.9540000000000001
1.53
0.964
1.5010000000000001
0.992
1.473
0.996
1.449
1.024
1.438
1.035
1.448
1.048
1.4000000000000001
1.08
1.3780000000000001
1.096
1.367
1.114
1.373
1.114
1.34
1.1380000000000001
1.324
1.149
1.322
1.181
1.298
1.204
1.278
1.214
1.2730000000000001
1.243
1.223
1.249
1.217
1.272
1.185
1.262
1.178
1.319
1.165
1.329
1.158
1.364
1.143
1.365
1.133
1.3900000000000001
1.105
1.308
1.087
1.3860000000000001
1.075
1.423
1.075
1.436
1.051
1.452
1.049
1.452
1.027
1.481
1.025
1.512
0.975
1.491
0.929
1.5330000000000001
0.9440000000000001
1.539
0.916
1.5330000000000001
0.932
1.57
0.898
1.572
0.917
1.598
0.909
1.617
0.904
1.618
0.873
1.635
0.811
1.637
0.836
1.6560000000000001
0.8
1.678
0.808
1.672
0.798
1.685
0.772
1.72
0.771
1.73
0.745
1.745
0.732
1.7670000000000001
0.738
1.747
0.7010000000000001
1.77
0.713
1.806
0.6980000000000001
1.801
0.661
1.831
0.622
1.849
0.611
1.849
0.629
1.8880000000000001
0.611
1.868
0.581
1.805
0.5660000000000001
1.905
0.5740000000000001
1.905
0.556
1.946
0.554
1.968
0.542
1.955
0.511
1.947
0.53
1.952
0.493
1.971
0.461
1.986
0.492
2.013
0.464
2.013
0.47600000000000003
2.028
0.422
2.061
0.448
2.064
0.425
2.076
0.40900000000000003
2.081
0.417
2.097
0.391
2.076
0.371
2.118
0.36
2.128
0.361
2.152
0.357
2.16
0.331
2.164
0.339
2.183
0.29
2.1630000000000003
0.289
2.185
0.201
2.22
0.289
2.21
0.249
2.233
0.245
2.221
0.233
2.2520000000000002
0.224
2.232
0.232
2.266
0.229
2.283
0.213
2.294
0.22
2.295
0.20700000000000002
2.287
0.195
2.297
0.182
2.316
0.153
2.312
0.164
2.339
0.137
2.347
0.128
2.342
0.14100000000000001
2.35
0.10300000000000001
2.355
0.125
2.378
0.113
2.399
0.10300000000000001
2.3970000000000002
0.099
2.392
0.084
2.416
0.096
2.4130000000000003
0.07100000000000001
2.416
0.07
2.444
0.053
2.44
0.045
2.4130000000000003
0.043000000000000003
2.437
0.045
2.453
0.033
2.453
0.038
2.46
0.002
2.449
0.022
2.468
0.025
2.457
0.032
2.458
0.019
2.466
0.005
2.478
0.02
2.465
0.0
2.487
0.0
2.498
0.019
2.483
0.0
2.497
0.0
2.492
0.008
2.494
0.012
2.476
0.0
2.481
0.003
2.478
0.0
2.513
0.0
2.486
0.001
2.479
0.001
2.5
0.006
2.508
0.0
2.597
0.0
2.512
0.0
2.482
0.002
2.494
0.0
2.477
0.0
2.484
0.008
2.493
0.0
2.478
0.015
2.482
0.0
2.495
0.0
2.484
0.0
2.478
0.008
2.468
0.027
2.461
0.004
2.479
0.029
2.474
0.007
2.479
0.038
2.478
0.016
2.431
0.019
2.449
0.022
2.452
0.055
2.436
0.051000000000000004
2.445
0.058
2.4050000000000002
0.051000000000000004
2.442
0.054
2.437
0.056
2.428
0.062
2.4130000000000003
0.065
2.416
0.085
2.42
0.069
2.39
0.095
2.4050000000000002
0.08
2.39
0.116
2.384
0.089
2.386
0.101
2.373
0.132
2.361
0.109
2.341
0.136
2.347
0.138
2.324
0.169
2.339
0.199
2.312
0.178
2.303
0.157
2.307
0.154
2.328
0.203
2.274
0.201
2.2960000000000003
0.232
2.271
0.23800000000000002
2.2680000000000002
0.23600000000000002
2.237
0.226
2.249
0.253
2.228
0.262
2.236
0.28300000000000003
2.195
0.262
2.187
0.292
2.178
0.304
2.2
0.222
2.181
0.311
2.154
0.319
2.165
0.343
2.158
0.366
2.113
0.359
2.126
0.374
2.089
0.384
2.091
0.396
2.1
0.398
2.081
0.395
2.057
0.438
2.0420000000000003
0.434
2.0460000000000003
0.465
2.021
0.453
2.004
0.47800000000000004
1.997
0.495
1.976
0.492
1.992
0.511
1.976
0.506
1.97
0.549
1.933
0.5660000000000001
1.942
0.578
1.913
0.556
1.926
0.599
1.893
0.605
1.8820000000000001
0.611
1.875
0.612
1.849
0.661
1.863
0.65
1.813
0.669
1.768
0.6910000000000001
1.778
0.705
1.7570000000000001
0.6940000000000001
1.7670000000000001
0.753
1.7550000000000001
0.748
1.7550000000000001
0.767
1.685
0.776
1.686
0.767
1.6620000000000001
0.788
1.6540000000000001
0.855
1.6540000000000001
0.85
1.6360000000000001
0.872
1.643
0.871
1.698
0.89
1.586
0.877
1.603
0.866
1.56
0.871
1.58
0.908
1.567
0.932
1.546
0.9570000000000001
1.5270000000000001
0.974
1.5170000000000001
0.971
1.49
1.09
1.453
1.0190000000000001
1.486
1.042
1.454
1.053
1.436
1.071
1.4040000000000001
1.054
1.3860000000000001
1.117
1.368
1.1460000000000001
1.361
1.1420000000000001
1.32
1.1480000000000001
1.349
1.182
1.311
1.196
1.325
1.21
1.308
1.233
1.278
1.231
1.2690000000000001
1.24
1.238
1.2590000000000001
1.24
1.281
1.206
1.286
1.193
1.317
1.189
1.29
1.149
1.3
1.133
1.351
1.135
1.37
1.105
1.3960000000000001
1.111
1.395
1.068
1.409
1.068
1.407
1.048
1.454
1.048
1.454
1.0210000000000001
1.486
0.995
1.497
0.977
1.488
0.99
1.5050000000000001
0.9540000000000001
1.481
0.9380000000000001
1.546
0.914
1.5310000000000001
0.937
1.561
0.896
1.591
0.992
1.581
0.867
1.631
0.852
1.604
0.84
1.623
0.846
1.6460000000000001
0.811
1.657
0.8170000000000001
1.6600000000000001
0.798
1.71
0.776
1.712
0.803
1.723
0.755
1.749
0.728
1.733
0.714
1.7810000000000001
0.704
1.745
0.708
1.7790000000000001
0.708
1.776
0.687
1.797
0.669
1.82
0.672
1.843
0.646
1.852
0.619
1.836
0.636
1.855
0.597
1.8920000000000001
0.621
1.881
0.546
1.9160000000000001
0.5660000000000001
1.939
0.555
1.955
0.544
1.942
0.528
1.968
0.523
1.962
0.51
1.959
0.515
1.98
0.485
1.983
0.486
2.025
0.47100000000000003
2.029
0.46
2.033
0.456
2.017
0.442
2.049
0.439
2.058
0.424
2.071
0.392
2.1
0.401
2.105
0.371
2.123
0.35100000000000003
2.108
0.35100000000000003
2.1310000000000002
0.327
2.133
0.352
2.1710000000000003
0.322
2.1710000000000003
0.313
2.19
0.34400000000000003
2.16
0.308
2.17
0.28400000000000003
2.191
0.296
2.186
0.262
2.229
0.297
2.204
0.259
2.194
0.26
2.216
0.251
2.242
0.226
2.242
0.256
2.245
0.217
2.254
0.20800000000000002
2.266
0.215
2.279
0.203
2.2720000000000002
0.20700000000000002
2.294
0.20600000000000002
2.387
0.192
2.298
0.149
2.303
0.176
2.297
0.188
2.332
0.138
2.32
0.154
2.332
0.111
2.334
0.122
2.342
0.135
2.349
0.153
2.37
0.131
2.37
0.124
2.363
0.113
2.345
0.099
2.376
0.089
2.375
0.10400000000000001
2.3970000000000002
0.105
2.31
0.105
2.408
0.08
2.3970000000000002
0.091
2.4130000000000003
0.068
2.4130000000000003
0.064
2.4250000000000003
0.051000000000000004
2.399
0.053
2.44
0.066
2.432
0.051000000000000004
2.416
0.058
2.4210000000000003
0.029
2.439
0.032
2.458
0.013000000000000001
2.442
0.051000000000000004
2.44
0.052000000000000005
2.468
0.014
2.436
0.029
2.445
0.025
2.447
0.025
2.471
0.024
2.481
0.012
2.465
0.03
2.474
0.005
2.484
0.004
2.484
0.023
2.484
0.016
2.458
0.0
2.487
0.004
2.478
0.014
2.461
0.0
2.487
0.0
2.489
0.004
2.494
0.0
2.5020000000000002
0.0
2.483
0.0
2.487
0.0
2.476
0.0
2.498
0.019
2.484
0.0
2.479
0.004
2.5
0.0
2.5060000000000002
0.003
2.507
0.005
2.48
0.003
2.505
0.0
2.403
0.008
2.469
0.001
2.476
0.0
2.507
0.019
2.5060000000000002
0.001
2.479
0.02
2.473
0.014
2.457
0.0
2.484
0.0
2.485
0.006
2.49
0.02
2.473
0.029
2.455
0.012
2.453
0.013000000000000001
2.475
0.059000000000000004
2.474
0.047
2.431
0.062
2.428
0.058
2.442
0.049
2.437
0.077
2.437
0.057
2.423
0.051000000000000004
2.423
0.064
2.428
0.064
2.41
0.074
2.423
0.066
2.411
0.107
2.386
0.084
2.376
0.108
2.388
0.138
2.386
0.11800000000000001
2.3770000000000002
0.136
2.35
0.139
2.334
0.121
2.337
0.145
2.341
0.151
2.329
0.145
2.339
0.182
2.291
0.186
2.293
0.199
2.307
0.196
2.278
0.217
2.2840000000000003
0.198
2.263
0.225
2.249
0.234
2.245
0.246
2.242
0.251
2.255
0.27
2.258
0.28
2.22
0.255
2.207
0.29
2.204
0.298
2.1710000000000003
0.293
2.197
0.313
2.141
0.317
2.149
0.34400000000000003
2.14
0.337
2.13
0.371
2.123
0.34400000000000003
2.113
0.373
2.105
0.389
2.079
0.40800000000000003
2.075
0.424
2.033
0.44
2.025
0.45
2.041
0.481
2.004
0.465
2.0180000000000002
0.496
1.977
0.509
1.969
0.527
1.998
0.539
1.955
0.595
1.913
0.549
1.934
0.551
1.897
0.559
1.889
0.591
1.8900000000000001
0.611
1.8780000000000001
0.612
1.843
0.62
1.851
0.637
1.816
0.628
1.829
0.672
1.816
0.6950000000000001
1.81
0.6910000000000001
1.756
0.7010000000000001
1.788
0.718
1.76
0.734
1.764
0.728
1.75
0.748
1.726
0.761
1.71
0.759
1.706
0.8160000000000001
1.694
0.776
1.6600000000000001
0.805
1.6580000000000001
0.8160000000000001
1.668
0.8310000000000001
1.6320000000000001
0.866
1.614
0.874
1.586
0.87
1.589
0.89
1.583
0.916
1.575
0.913
1.565
0.932
1.546
0.9380000000000001
1.506
0.977
1.5330000000000001
0.9530000000000001
1.5070000000000001
0.975
1.487
1.0010000000000001
1.482
0.997
1.498
1.025
1.451
1.04
1.448
1.038
1.423
1.047
1.433
1.033
1.411
1.052
1.3940000000000001
1.082
1.403
1.096
1.412
1.117
1.3840000000000001
1.127
1.3860000000000001
1.102
1.365
1.161
1.33
1.166
1.344
1.184
1.33
1.195
1.311
1.158
1.278
1.196
1.26
1.2
1.2530000000000001
1.239
1.252
1.233
1.233
1.2530000000000001
1.226
1.268
1.207
1.295
1.298
1.266
1.195
1.29
1.162
1.305
1.149
1.318
1.124
1.345
1.1400000000000001
1.346
1.11
1.361
1.1300000000000001
1.3880000000000001
1.088
1.3820000000000001
1.092
1.414
1.079
1.3860000000000001
1.082
1.4040000000000001
1.058
1.423
1.075
1.462
1.029
1.458
1.0110000000000001
1.478
1.0110000000000001
1.465
1.0
1.493
1.004
1.5050000000000001
0.974
1.5170000000000001
0.983
1.5190000000000001
0.936
1.528
0.936
1.5350000000000001
0.922
1.569
0.9
1.565
0.913
1.6
0.88
1.615
0.863
1.619
0.867
1.643
0.836
1.655
0.8130000000000001
1.6640000000000001
0.81
1.669
0.8210000000000001
1.668
0.788
1.703
0.804
1.706
0.8
1.709
0.765
1.724
0.747
1.758
0.729
1.764
0.756
1.7530000000000001
0.718
1.797
0.6960000000000001
1.78
0.672
1.81
0.682
1.836
0.651
1.801
0.649
1.827
0.658
1.83
0.619
1.866
0.613
1.8860000000000001
0.601
1.897
0.59
1.92
0.5740000000000001
1.942
0.556
1.959
0.558
1.952
0.544
1.951
0.513
1.98
0.502
1.955
0.515
1.976
0.509
1.989
0.509
1.991
0.485
2.013
0.465
2.02
0.468
2.044
0.451
2.031
0.452
2.062
0.431
2.094
0.422
2.079
0.491
2.079
0.376
2.091
0.39
2.123
0.398
2.104
0.399
2.121
0.369
2.128
0.338
2.133
0.332
2.1550000000000002
0.343
2.15
0.343
2.181
0.32
2.184
0.293
2.191
0.281
2.202
0.28200000000000003
2.223
0.279
2.203
0.25
2.249
0.246
2.226
0.23600000000000002
2.265
0.249
2.2680000000000002
0.20600000000000002
2.257
0.213
2.249
0.295
2.2680000000000002
0.217
2.206
0.20600000000000002
2.3000000000000003
0.182
2.32
0.17
2.311
0.166
2.313
0.167
2.342
0.203
2.341
0.161
2.323
0.14100000000000001
2.339
0.124
2.356
0.136
2.352
0.12
2.378
0.11900000000000001
2.394
0.112
2.37
0.10300000000000001
2.395
0.12
2.387
0.1
2.3970000000000002
0.085
2.386
0.098
2.406
0.059000000000000004
2.407
0.074
2.428
0.078
2.432
0.01
2.428
0.069
2.464
0.052000000000000005
2.427
0.053
2.442
0.028
2.4290000000000003
0.021
2.436
0.014
2.453
0.048
2.46
0.03
2.449
0.014
2.46
0.023
2.449
0.027
2.471
0.038
2.457
0.017
2.458
0.006
2.468
0.011
2.464
0.008
2.487
0.0
2.473
0.016
2.494
0.016
2.494
0.0
2.471
0.0
2.487
0.0
2.499
0.007
2.478
0.006
2.484
0.01
2.484
0.0
2.482
0.008
2.508
0.0
2.507
0.0
2.477
0.0
2.509
0.006
2.5
0.014
2.507
0.0
2.503
0.0
2.478
0.004
2.5
0.0
2.498
0.01
2.461
0.0
2.478
0.0
2.485
0.025
2.474
0.0
2.492
0.014
2.478
0.0
2.489
0.0
2.463
0.02
2.49
0.029
2.468
0.029
2.46
0.003
2.471
0.02
2.461
0.033
2.473
0.01
2.439
0.02
2.433
0.039
2.4290000000000003
0.044
2.444
0.036000000000000004
2.432
0.051000000000000004
2.442
0.045
2.458
0.054
2.435
0.065
2.423
0.067
2.439
0.067
2.4090000000000003
0.063
2.436
0.08600000000000001
2.407
0.075
2.39
0.088
2.411
0.09
2.416
0.078
2.407
0.032
2.4130000000000003
0.085
2.382
0.113
2.368
0.10300000000000001
2.374
0.124
2.379
0.105
2.376
0.153
2.353
0.125
2.379
0.132
2.331
0.14
2.353
0.14100000000000001
2.339
0.134
2.35
0.169
2.351
0.176
2.308
0.161
2.313
0.182
2.313
0.171
2.313
0.199
2.274
0.184
2.323
0.215
2.297
0.212
2.3000000000000003
0.197
2.281
0.112
2.286
0.24
2.253
0.215
2.253
0.24
2.245
0.253
2.228
0.264
2.193
0.254
2.224
0.257
2.191
0.269
2.1750000000000003
0.398
2.196
0.325
2.161
0.34500000000000003
2.168
0.32
2.158
0.339
2.162
0.333
2.146
0.374
2.133
0.357
2.119
0.401
2.097
0.368
2.091
0.369
2.082
0.423
2.083
0.395
2.068
0.437
2.071
0.436
2.048
0.438
2.033
0.465
2.0460000000000003
0.47600000000000003
1.997
0.47000000000000003