
2.258
0.544
0.221
1.959
2.27
0.54
0.215
1.957
2.287
0.56
0.185
1.942
2.289
0.53
0.20400000000000001
1.94
2.289
0.548
0.193
1.922
2.297
0.551
0.186
1.926
2.324
0.584
0.19
1.923
2.316
0.587
0.161
1.905
2.316
0.5740000000000001
0.185
1.901
2.32
0.61
0.182
1.901
2.319
0.589
0.163
1.871
2.307
0.5720000000000001
0.16
1.861
2.3000000000000003
0.501
0.17
1.872
2.336
0.601
0.17200000000000001
1.86
2.339
0.622
0.154
1.855
2.344
0.63
0.135
1.838
2.337
0.626
0.149
1.857
2.339
0.63
0.138
1.863
2.33
0.623
0.126
1.846
2.331
0.639
0.127
1.852
2.352
0.632
0.132
1.821
2.358
0.65
0.14300000000000002
1.841
2.352
0.679
0.14100000000000001
1.818
2.368
0.647
0.12
1.802
2.364
0.682
0.149
1.83
2.345
0.673
0.107
1.811
2.352
0.676
0.122
1.797
2.365
0.675
0.131
1.784
2.358
0.684
0.129
1.776
2.371
0.6950000000000001
0.10400000000000001
1.77
2.358
0.7020000000000001
0.10400000000000001
1.7830000000000001
2.35
0.708
0.10300000000000001
1.782
2.3970000000000002
0.733
0.113
1.7750000000000001
2.352
0.73
0.091
1.746
2.371
0.743
0.09
1.742
2.39
0.745
0.079
1.752
2.399
0.734
0.077
1.72
2.402
0.73
0.08
1.722
2.4090000000000003
0.77
0.1
1.703
2.407
0.78
0.07
1.73
2.436
0.786
0.061
1.712
2.411
0.751
0.07100000000000001
1.685
2.3890000000000002
0.774
0.077
1.719
2.424
0.787
0.091
1.68
2.4050000000000002
0.801
0.09
1.681
2.3890000000000002
0.774
0.091
1.686
2.415
0.8210000000000001
0.058
1.688
2.403
0.808
0.056
1.6620000000000001
2.437
0.8160000000000001
0.078
1.647
2.426
0.8270000000000001
0.076
1.657
2.408
0.833
0.051000000000000004
1.667
2.408
0.8250000000000001
0.066
1.6360000000000001
2.432
0.8270000000000001
0.049
1.643
2.4290000000000003
0.855
0.046
1.629
2.432
0.864
0.056
1.635
2.423
0.855
0.051000000000000004
1.618
2.445
0.857
0.054
1.599
2.46
0.872
0.053
1.62
2.447
0.867
0.035
1.603
2.437
0.887
0.025
1.589
2.439
0.811
0.077
1.59
2.445
0.896
0.018000000000000002
1.593
2.452
0.914
0.025
1.577
2.46
0.922
0.045
1.552
2.445
0.9500000000000001
0.038
1.538
2.449
0.922
0.045
1.539
2.468
0.926
0.038
1.5350000000000001
2.478
0.9420000000000001
0.043000000000000003
1.5
2.449
0.9510000000000001
0.034
1.534
2.474
0.961
0.034
1.512
2.457
0.977
0.034
1.5150000000000001
2.466
0.963
0.008
1.488
2.453
0.991
0.032
1.477
2.464
0.99
0.003
1.481
2.473
1.0190000000000001
0.016
1.479
2.482
0.984
0.029
1.47
2.461
1.026
0.0
1.475
2.453
1.004
0.004
1.456
2.481
1.029
0.004
1.47
2.482
1.0170000000000001
0.02
1.461
2.495
1.039
0.0
1.461
2.487
1.014
0.0
1.444
2.469
1.036
0.017
1.487
2.49
1.037
0.025
1.428
2.463
1.0210000000000001
0.016
1.436
2.465
1.066
0.004
1.453
2.498
1.046
0.0
1.41
2.452
1.048
0.018000000000000002
1.424
2.494
1.075
0.0
1.426
2.468
1.069
0.017
1.417
2.495
1.091
0.02
1.3940000000000001
2.494
1.045
0.0
1.401
2.481
1.074
0.0
1.403
2.474
1.092
0.01
1.389
2.489
1.093
0.024
1.401
2.471
1.092
0.006
1.407
2.471
1.075
0.012
1.3880000000000001
2.469
1.088
0.0
1.3780000000000001
2.473
1.083
0.006
1.393
2.489
1.089
0.019
1.373
2.487
1.091
0.0
1.391
2.492
1.09
0.0
1.344
2.474
1.02
0.0
1.362
2.469
1.137
0.016
1.336
2.482
1.145
0.007
1.353
2.497
1.137
0.0
1.362
2.5
1.161
0.008
1.332
2.503
1.1480000000000001
0.0
1.34
2.49
1.178
0.0
1.316
2.479
1.17
0.0
1.274
2.509
1.189
0.0
1.311
2.468
1.171
0.0
1.319
2.481
1.209
0.0
1.304
2.497
1.212
0.0
1.29
2.487
1.207
0.002
1.2790000000000001
2.489
1.23
0.0
1.278
2.482
1.213
0.006
1.23
2.487
1.239
0.0
1.249
2.483
1.232
0.0
1.233
2.5060000000000002
1.266
0.0
1.214
2.497
1.266
0.0
1.208
2.499
1.2690000000000001
0.006
1.201
2.482
1.286
0.0
1.193
2.5
1.285
0.0
1.174
2.489
1.307
0.0
1.201
2.497
1.322
0.0
1.157
2.494
1.326
0.004
1.153
2.481
1.302
0.0
1.162
2.479
1.31
0.0
1.1480000000000001
2.474
1.343
0.015
1.149
2.486
1.34
0.0
1.163
2.503
1.343
0.0
1.1480000000000001
2.482
1.325
0.0
1.1380000000000001
2.468
1.3760000000000001
0.001
1.117
2.496
1.356
0.0
1.093
2.479
1.365
0.0
1.101
2.487
1.362
0.008
1.108
2.489
1.369
0.0
1.105
2.467
1.3860000000000001
0.0
1.088
2.484
1.3960000000000001
0.01
1.062
2.469
1.42
0.0
1.081
2.49
1.426
0.0
1.088
2.468
1.381
0.0
1.072
2.458
1.437
0.009000000000000001
1.066
2.494
1.436
0.005
1.053
2.478
1.416
0.009000000000000001
1.062
2.461
1.442
0.004
1.033
2.479
1.435
0.0
1.024
2.479
1.452
0.027
1.016
2.479
1.493
0.0
1.004
2.468
1.459
0.0
1.034
2.455
1.478
0.0
0.992
2.484
1.479
0.016
1.0130000000000001
2.457
1.478
0.009000000000000001
0.981
2.455
1.481
0.019
1.0010000000000001
2.478
1.477
0.032
0.983
2.494
1.5
0.026000000000000002
1.004
2.471
1.491
0.0
1.0210000000000001
2.474
1.5030000000000001
0.012
0.964
2.445
1.506
0.032
0.98
2.477
1.5270000000000001
0.011
0.964
2.484
1.526
0.029
0.9460000000000001
2.468
1.546
0.011
0.929
2.451
1.546
0.053
0.9380000000000001
2.457
1.5310000000000001
0.02
0.9400000000000001
2.468
1.56
0.015
0.936
2.445
1.537
0.021
0.932
2.453
1.569
0.042
0.934
2.467
1.565
0.041
0.895
2.46
1.578
0.022
0.916
2.457
1.591
0.025
0.895
2.452
1.585
0.035
0.933
2.434
1.586
0.054
0.869
2.423
1.593
0.024
0.904
2.466
1.56
0.044
0.98
2.454
1.578
0.033
0.887
2.432
1.594
0.042
0.871
2.426
1.578
0.035
0.863
2.428
1.607
0.037
0.877
2.4210000000000003
1.6360000000000001
0.037
0.853
2.442
1.619
0.065
0.8310000000000001
2.43
1.6500000000000001
0.068
0.855
2.426
1.6300000000000001
0.067
0.855
2.439
1.6400000000000001
0.046
0.834
2.434
1.647
0.061
0.8160000000000001
2.436
1.666
0.073
0.807
2.418
1.685
0.054
0.81
2.416
1.689
0.059000000000000004
0.8130000000000001
2.4
1.704
0.093
0.793
2.42
1.684
0.069
0.782
2.395
1.714
0.075
0.778
2.408
1.71
0.064
0.782
2.384
1.738
0.074
0.745
2.3970000000000002
1.723
0.078
0.761
2.384
1.744
0.089
0.732
2.392
1.77
0.085
0.721
2.3970000000000002
1.7650000000000001
0.113
0.738
2.394
1.768
0.112
0.709
2.374
1.776
0.12
0.6930000000000001
2.357
1.786
0.14
0.7010000000000001
2.353
1.776
0.124
0.6970000000000001
2.37
1.78
0.113
0.7010000000000001
2.352
1.81
0.136
0.6890000000000001
2.378
1.802
0.116
0.6900000000000001
2.342
1.83
0.145
0.684
2.352
1.829
0.145
0.676
2.355
1.82
0.129
0.663
2.356
1.834
0.11
0.651
2.361
1.829
0.148
0.662
2.334
1.845
0.132
0.63
2.335
1.818
0.136
0.64
2.355
1.843
0.139
0.655
2.332
1.838
0.14100000000000001
0.631
2.323
1.867
0.156
0.651
2.349
1.863
0.147
0.63
2.331
1.857
0.136
0.632
2.318
1.897
0.17
0.619
2.335
1.889
0.176
0.622
2.32
1.915
0.186
0.586
2.309
1.9040000000000001
0.149
0.587
2.3850000000000002
1.883
0.165
0.595
2.294
1.917
0.164
0.5730000000000001
2.279
1.909
0.184
0.594
2.3000000000000003
1.8940000000000001
0.181
0.551
2.295
1.923
0.185
0.5720000000000001
2.274
1.946
0.2
0.548
2.274
1.942
0.20700000000000002
0.561
2.281
1.95
0.198
0.561
2.263
1.933
0.213
0.5640000000000001
2.258
1.945
0.203
0.536
2.259
1.957
0.2
0.529
2.2760000000000002
1.978
0.214
0.53
2.249
1.957
0.242
0.502
2.228
1.965
0.254
0.515
2.262
1.999
0.219
0.493
2.265
1.978
0.228
0.529
2.278
1.971
0.261
0.47700000000000004
2.258
1.981
0.256
0.47700000000000004
2.239
1.992
0.23500000000000001
0.497
2.223
1.992
0.252
0.453
2.205
1.991
0.255
0.47700000000000004
2.223
2.007
0.262
0.45
2.218
2.004
0.249
0.46900000000000003
2.239
2.044
0.23900000000000002
0.444
2.229
2.025
0.274
0.444
2.208
2.039
0.262
0.455
2.19
2.025
0.277
0.432
2.21
2.055
0.28600000000000003
0.437
2.195
2.031
0.28600000000000003
0.447
2.194
2.055
0.278
0.441
2.199
2.067
0.28
0.406
2.199
2.044
0.28
0.419
2.191
2.054
0.292
0.424
2.17
2.087
0.314
0.40700000000000003
2.166
2.078
0.312
0.423
2.1750000000000003
2.087
0.307
0.40900000000000003
2.169
2.083
0.31
0.418
2.2
2.063
0.335
0.398
2.149
2.103
0.339
0.386
2.162
2.097
0.312
0.368
2.1510000000000002
2.104
0.319
0.368
2.126
2.095
0.327
0.356
2.144
2.032
0.358
0.37
2.134
2.117
0.34400000000000003
0.34
2.141
2.1390000000000002
0.378
0.352
2.121
2.125
0.36
0.335
2.108
2.1390000000000002
0.387
0.315
2.113
2.141
0.369
0.324
2.11
2.158
0.368
0.324
2.1
2.15
0.387
0.308
2.078
2.208
0.394
0.29
2.07
2.1710000000000003
0.41400000000000003
0.305
2.087
2.168
0.419
0.278
2.05
2.174
0.436
0.314
2.058
2.184
0.42
0.272
2.0220000000000002
2.184
0.423
0.302
2.0260000000000002
2.2
0.456
0.28200000000000003
2.013
2.209
0.448
0.259
2.003
2.221
0.48
0.265
2.005
2.237
0.491
0.23900000000000002
1.992
2.251
0.496
0.232
2.003
2.241
0.47700000000000004
0.253
1.988
2.229
0.516
0.24
1.97
2.249
0.529
0.203
1.946
2.258
0.514
0.213
1.962
2.253
0.513
0.202
1.936
2.279
0.518
0.20800000000000002
1.947
2.291
0.5690000000000001
0.198
1.917
2.303
0.59
0.162
1.899
2.312
0.578
0.20400000000000001
1.9100000000000001
2.303
0.584
0.197
1.8880000000000001
2.224
0.5750000000000001
0.157
1.897
2.323
0.598
0.14100000000000001
1.868
2.312
0.611
0.178
1.8900000000000001
2.341
0.593
0.153
1.8760000000000001
2.337
0.63
0.15
1.867
2.316
0.642
0.147
1.843
2.329
0.646
0.132
1.846
2.332
0.644
0.128
1.825
2.341
0.639
0.157
1.81
2.336
0.674
0.151
1.823
2.358
0.673
0.116
1.809
2.335
0.667
0.12
1.835
2.371
0.654
0.111
1.805
2.35
0.676
0.11900000000000001
1.7890000000000001
2.339
0.6900000000000001
0.14100000000000001
1.797
2.374
0.671
0.097
1.809
2.4
0.71
0.112
1.776
2.394
0.721
0.092
1.742
2.376
0.747
0.078
1.74
2.358
0.739
0.109
1.733
2.388
0.724
0.088
1.768
2.3810000000000002
0.769
0.091
1.736
2.403
0.777
0.097
1.717
2.387
0.76
0.078
1.71
2.392
0.766
0.088
1.688
2.41
0.767
0.076
1.679
2.415
0.801
0.058
1.697
2.4290000000000003
0.834
0.052000000000000005
1.674
2.395
0.8200000000000001
0.057
1.675
2.403
0.8
0.085
1.633
2.437
0.8260000000000001
0.07100000000000001
1.641
2.435
0.8270000000000001
0.054
1.649
2.416
0.86
0.035
1.629
2.439
0.871
0.056
1.609
2.447
0.882
0.033
1.61
2.4210000000000003
0.892
0.034
1.596
2.449
0.883
0.052000000000000005
1.601
2.443
0.911
0.032
1.596
2.439
0.909
0.041
1.575
2.465
0.918
0.045
1.565
2.449
0.937
0.029
1.561
2.447
0.9460000000000001
0.033
1.58
2.453
0.9400000000000001
0.005
1.546
2.468
0.969
0.038
1.512
2.457
0.968
0.017
1.5010000000000001
2.449
0.9420000000000001
0.01
1.512
2.471
0.977
0.031
1.498
2.455
0.989
0.03
1.488
2.477
0.99
0.033
1.491
2.454
1.008
0.0
1.465
2.49
1.014
0.029
1.469
2.479
1.054
0.016
1.448
2.471
1.04
0.004
1.438
2.479
1.041
0.009000000000000001
1.419
2.486
1.055
0.016
1.3860000000000001
2.494
1.075
0.0
1.344
2.477
1.091
0.008
1.3780000000000001
2.49
1.119
0.0
1.357
2.478
1.1460000000000001
0.0
1.359
2.486
1.161
0.0
1.321
2.49
1.155
0.0
1.309
2.484
1.166
0.0
1.307
2.503
1.174
0.008
1.288
2.482
1.181
0.001
1.299
2.513
1.218
0.0
1.266
2.489
1.207
0.0
1.249
2.5020000000000002
1.214
0.0
1.224
2.492
1.241
0.0
1.219
2.5
1.2610000000000001
0.0
1.206
2.5020000000000002
1.268
0.0
1.295
2.519
1.262
0.0
1.203
2.493
1.297
0.0
1.191
2.494
1.303
0.0
1.183
2.4050000000000002
1.33
0.0
1.181
2.403
1.339
0.006
1.172
2.487
1.33
0.0
1.141
2.498
1.353
0.0
1.12
2.494
1.349
0.0
1.122
2.487
1.365
0.016
1.096
2.478
1.417
0.0
1.075
2.487
1.417
0.0
1.056
2.487
1.407
0.0
1.067
2.495
1.457
0.0
1.044
2.478
1.447
0.008
1.0030000000000001
2.486
1.475
0.0
1.025
2.481
1.461
0.02
1.024
2.474
1.491
0.025
0.979
2.48
1.494
0.007
0.975
2.449
1.502
0.02
0.98
2.478
1.5270000000000001
0.033
0.971
2.466
1.541
0.011
0.9520000000000001
2.449
1.5310000000000001
0.02
0.9410000000000001
2.452
1.56
0.045
0.9390000000000001
2.461
1.552
0.022
0.916
2.44
1.559
0.042
0.898
2.455
1.609
0.028
0.884
2.445
1.601
0.022
0.913
2.433
1.597
0.012
0.898
2.439
1.596
0.032
0.894
2.434
1.606
0.061
0.859
2.449
1.6380000000000001
0.044
0.871
2.445
1.647
0.04
0.869
2.415
1.622
0.066
0.8290000000000001
2.441
1.6340000000000001
0.053
0.8260000000000001
2.415
1.6320000000000001
0.09
0.841
2.42
1.668
0.073
0.836
2.41
1.657
0.066
0.808
2.428
1.6540000000000001
0.069
0.805
2.41
1.668
0.077
0.899
2.426
1.702
0.083
0.892
2.39
1.694
0.067
0.778
2.403
1.712
0.083
0.771
2.396
1.707
0.09
0.747
2.384
1.723
0.112
0.776
2.395
1.741
0.077
0.747
2.402
1.738
0.078
0.722
2.4
1.7610000000000001
0.08
0.738
2.373
1.76
0.099
0.726
2.3810000000000002
1.7590000000000001
0.095
0.729
2.358
1.786
0.129
0.679
2.3810000000000002
1.801
0.106
0.674
2.368
1.794
0.124
0.6900000000000001
2.358
1.823
0.14
0.668
2.342
1.831
0.153
0.645
2.37
1.834
0.128
0.651
2.343
1.868
0.14300000000000002
0.626
2.344
1.868
0.178
0.608
2.312
1.865
0.17400000000000002
0.601
2.335
1.8840000000000001
0.149
0.583
2.326
1.8880000000000001
0.166
0.592
2.31
1.913
0.17
0.577
2.294
1.913
0.20600000000000002
0.554
2.3000000000000003
1.935
0.17500000000000002
0.552
2.302
1.924
0.22
0.539
2.383
1.942
0.219
0.554
2.281
1.942
0.195
0.514
2.2800000000000002
1.941
0.228
0.53
2.283
1.984
0.23600000000000002
0.499
2.2520000000000002
1.98
0.24
0.489
2.262
2.0
0.245
0.59
2.236
2.004
0.234
0.496
2.229
1.994
0.255
0.47000000000000003
2.242
1.988
0.256
0.486
2.221
2.041
0.269
0.47700000000000004
2.212
2.039
0.28
0.456
2.22
2.0140000000000002
0.266
0.435
2.215
2.036
0.29
0.457
2.221
2.0380000000000003
0.275
0.445
2.208
2.052
0.289
0.448
2.202
2.041
0.302
0.431
2.191
2.036
0.298
0.425
2.218
2.062
0.28600000000000003
0.422
2.197
2.068
0.296
0.438
2.19
2.086
0.312
0.39
2.182
2.075
0.313
0.41000000000000003
2.177
2.066
0.306
0.386
2.141
2.078
0.319
0.39
2.164
2.104
0.35000000000000003
0.373
2.149
2.106
0.35000000000000003
0.379
2.146
2.152
0.365
0.371
2.128
2.107
0.34500000000000003
0.365
2.099
2.1470000000000002
0.34700000000000003
0.34500000000000003
2.123
2.12
0.381
0.336
2.091
2.1310000000000002
0.387
0.34600000000000003
2.108
2.1470000000000002
0.377
0.313
2.087
2.154
0.41200000000000003
0.326
2.1
2.181
0.406
0.328
2.068
2.178
0.41000000000000003
0.296
2.048
2.177
0.439
0.295
2.064
2.187
0.43
0.293
2.029
2.297
0.437
0.28800000000000003
2.044
2.216
0.467
0.259
2.035
2.213
0.451
0.273
2.029
2.229
0.482
0.268
2.004
2.222
0.46
0.215
2.0100000000000002
2.231
0.483
0.24
2.009
2.245
0.498
0.234
1.986
2.257
0.502
0.25
1.994
2.248
0.502
0.24
1.993
2.255
0.516
0.24
1.962
2.274
0.499
0.224
2.068
2.2680000000000002
0.532
0.217
1.968
2.274
0.523
0.209
1.955
2.2680000000000002
0.554
0.178
1.925
2.287
0.553
0.186
1.922
2.279
0.5670000000000001
0.182
1.926
2.283
0.5640000000000001
0.181
1.899
2.307
0.584
0.197
1.901
2.2960000000000003
0.585
0.197
1.899
2.326
0.614
0.16
1.879
2.291
0.608
0.145
1.868
2.328
0.616
0.124
1.867
2.329
0.629
0.161
1.873
2.336
0.62
0.157
1.831
2.353
0.628
0.139
1.825
2.345
0.643
0.127
1.843
2.358
0.674
0.124
1.81
2.349
0.6960000000000001
0.13
1.81
2.337
0.664
0.116
1.809
2.3810000000000002
0.6890000000000001
0.124
1.796
2.3770000000000002
0.7030000000000001
0.11
1.7670000000000001
2.355
0.6950000000000001
0.091
1.745
2.378
0.6920000000000001
0.11
1.772
2.369
0.731
0.107
1.749
2.374
0.751
0.1
1.74
2.399
0.76
0.107
1.7510000000000001
2.382
0.744
0.084
1.738
2.402
0.734
0.096
1.725
2.406
0.753
0.094
1.72
2.387
0.777
0.08700000000000001
1.714
2.415
0.779
0.08700000000000001
1.686
2.415
0.772
0.083
1.693
2.42
0.792
0.062
1.714
2.403
0.8190000000000001
0.07
1.671
2.415
0.8150000000000001
0.081
1.659
2.4130000000000003
0.8320000000000001
0.045
1.668
2.41
0.811
0.047
1.6620000000000001
2.436
0.836
0.058
1.6640000000000001
2.452
0.834
0.054
1.6620000000000001
2.415
0.843
0.054
1.653
2.423
0.855
0.046
1.6360000000000001
2.4290000000000003
0.8310000000000001
0.034
1.62
2.44
0.892
0.062
1.606
2.426
0.88
0.046
1.577
2.42
0.865
0.037
1.622
2.449
0.882
0.048
1.582
2.415
0.806
0.051000000000000004
1.59
2.434
0.894
0.049
1.571
2.461
0.905
0.03
1.565
2.455
0.919
0.058
1.556
2.44
0.912
0.017
1.565
2.447
0.933
0.034
1.552
2.45
0.917
0.02
1.563
2.458
0.9400000000000001
0.052000000000000005
1.543
2.45
0.9490000000000001
0.027
1.545
2.446
0.972
0.01
1.528
2.449
0.9590000000000001
0.033
1.5
2.458
0.975
0.04
1.51
2.468
0.982
0.028
1.469
2.479
1.004
0.016
1.486
2.476
1.043
0.008
1.473
2.48
1.029
0.027
1.465
2.468
1.034
0.025
1.433
2.498
1.047
0.0
1.42
2.471
1.057
0.02
1.434
2.484
1.067
0.0
1.409
2.478
1.065
0.005
1.414
2.49
1.092
0.006
1.3940000000000001
2.495
1.076
0.0
1.496
2.492
1.079
0.0
1.365
2.498
1.105
0.0
1.365
2.48
1.1300000000000001
0.0
1.356
2.486
1.114
0.003
1.369
2.484
1.143
0.0
1.351
2.507
1.133
0.0
1.336
2.494
1.157
0.002
1.34
2.505
1.174
0.0
1.349
2.476
1.156
0.004
1.303
2.498
1.169
0.0
1.315
2.481
1.164
0.0
1.294
2.496
1.194
0.0
1.315
2.482
1.188
0.0
1.284
2.487
1.174
0.001
1.307
2.487
1.192
0.004
1.266
2.486
1.195
0.013000000000000001
1.266
2.495
1.23
0.0
1.26
2.497
1.22
0.0
1.244
2.505
1.232
0.003
1.241
2.498
1.22
0.002
1.236
2.479
1.2770000000000001
0.006
1.228
2.508
1.266
0.0
1.227
2.497
1.246
0.0
1.182
2.478
1.2770000000000001
0.0
1.194
2.505
1.304
0.0
1.179
2.49
1.274
0.0
1.178
2.507
1.314
0.0
1.166
2.511
1.309
0.0
1.161
2.504
1.34
0.01
1.167
2.508
1.349
0.0
1.143
2.486
1.358
0.0
1.1420000000000001
2.494
1.353
0.006
1.1300000000000001
2.492
1.359
0.0
1.106
2.473
1.3900000000000001
0.021
1.101
2.49
1.365
0.0
1.176
2.487
1.3960000000000001
0.006
1.066
2.484
1.411
0.0
1.062
2.49
1.418
0.0
1.07
2.461
1.341
0.0
1.066
2.49
1.427
0.006
1.047
2.468
1.435
0.007
1.057
2.475
1.436
0.0
0.99
2.486
1.441
0.01
1.035
2.484
1.473
0.016
1.994
2.47
1.472
0.0
1.0130000000000001
2.459
1.491
0.004
1.0130000000000001
2.479
1.463
0.029
1.0110000000000001
2.454
1.492
0.028
0.992
2.487
1.484
0.018000000000000002
0.967
2.478
1.5150000000000001
0.024
0.99
2.45
1.502
0.012
0.975
2.453
1.5070000000000001
0.009000000000000001
0.9480000000000001
2.461
1.536
0.027
0.9580000000000001
2.444
1.556
0.016
0.919
2.469
1.54
0.016
0.921
2.434
1.559
0.02
0.926
2.461
1.556
0.025
0.917
2.458
1.579
0.027
0.913
2.452
1.593
0.035
0.91
2.428
1.585
0.037
0.895
2.453
1.581
0.033
0.875
2.442
1.617
0.066
0.859
2.442
1.596
0.066
0.87
2.442
1.613
0.049
0.863
2.42
1.633
0.066
0.855
2.411
1.61
0.073
0.846
2.4210000000000003
1.665
0.041
0.838
2.418
1.6600000000000001
0.066
0.835
2.4
1.67
0.064
0.803
2.4
1.661
0.083
0.8170000000000001
2.436
1.699
0.074
0.799
2.41
1.688
0.078
0.884
2.434
1.679
0.07100000000000001
0.795
2.402
1.695
0.094
0.766
2.399
1.701
0.097
0.763
2.402
1.722
0.091
0.772
2.379
1.743
0.088
0.761
2.414
1.7550000000000001
0.107
0.718
2.368
1.744
0.117
0.709
2.394
1.749
0.109
0.737
2.374
1.774
0.10300000000000001
0.705
2.379
1.788
0.122
0.705
2.383
1.805
0.093
0.6950000000000001
2.368
1.7890000000000001
0.097
0.6900000000000001
2.374
1.7890000000000001
0.107
0.6900000000000001
2.349
1.822
0.128
0.664
2.331
1.809
0.15
0.647
2.346
1.831
0.124
0.663
2.345
1.82
0.148
0.672
2.347
1.836
0.151
0.637
2.328
1.82
0.134
0.647
2.361
1.829
0.14400000000000002
0.63
2.345
1.817
0.16
0.648
2.331
1.852
0.129
0.643
2.349
1.844
0.16
0.662
2.343
1.857
0.135
0.629
2.341
1.851
0.163
0.608
2.326
1.86
0.157
0.613
2.319
1.874
0.169
0.646
2.332
1.8920000000000001
0.178
0.685
2.295
1.875
0.161
0.581
2.315
1.909
0.17300000000000001
0.577
2.29
1.897
0.189
0.5760000000000001
2.316
1.9040000000000001
0.178
0.5720000000000001
2.294
1.909
0.186
0.5670000000000001
2.3000000000000003
1.939
0.18
0.554
2.265
1.947
0.203
0.555
2.263
1.945
0.198
0.525
2.263
1.955
0.22
0.548
2.263
1.963
0.232
0.535
2.265
1.933
0.233
0.516
2.2680000000000002
1.971
0.23800000000000002
0.51
2.25
1.973
0.23800000000000002
0.495
2.2600000000000002
1.978
0.253
0.502
2.236
1.977
0.23600000000000002
0.499
2.224
1.994
0.249
0.483
2.234
1.999
0.26
0.47400000000000003
2.229
2.02
0.265
0.47600000000000003
2.25
2.0300000000000002
0.253
0.47300000000000003
2.232
2.0100000000000002
0.28300000000000003
0.436
2.194
2.058
0.278
0.452
2.205
2.044
0.273
0.452
2.204
2.055
0.28200000000000003
0.436
2.197
2.052
0.305
0.431
2.187
2.068
0.327
0.39
2.166
2.073
0.295
0.40800000000000003
2.1630000000000003
2.07
0.323
0.389
2.162
2.075
0.313
0.377
2.154
2.118
0.327
0.393
2.129
2.109
0.323
0.392
2.152
2.118
0.34500000000000003
0.373
2.152
2.092
0.339
0.374
2.134
2.112
0.35000000000000003
0.33
2.12
2.133
0.358
0.361
2.108
2.154
0.35000000000000003
0.327
2.196
2.133
0.383
0.323
2.097
2.148
0.357
0.334
2.11
2.149
0.406
0.332
2.098
2.1710000000000003
0.394
0.318
2.073
2.179
0.417
0.302
2.057
2.179
0.432
0.297
2.049
2.186
0.447
0.281
2.047
2.192
0.428
0.28600000000000003
2.044
2.221
0.435
0.277
2.017
2.21
0.459
0.28200000000000003
2.0100000000000002
2.22
0.47900000000000004
0.253
2.021
2.226
0.466
0.269
1.99
2.245
0.46
0.253
1.997
2.247
0.481
0.257
1.994
2.2520000000000002
0.488
0.244
1.971
2.247
0.522
0.212
1.971
2.27
0.534
0.195
1.955
2.2560000000000002
0.533
0.203
1.952
2.266
0.555
0.211
1.944
2.299
0.577
0.202
1.911
2.2960000000000003
0.5720000000000001
0.2
1.9040000000000001
2.306
0.585
0.165
1.93
2.289
0.5760000000000001
0.186
1.8860000000000001
2.326
0.584
0.171
1.9000000000000001
2.315
0.616
0.177
1.87
2.316
0.63
0.178
1.872
2.344
0.625
0.157
1.846
2.319
0.632
0.128
1.8760000000000001
2.335
0.642
0.15
1.849
2.32
0.646
0.131
1.831
2.357
0.652
0.127
1.83
2.332
0.668
0.124
1.806
2.349
0.659
0.124
1.802
2.349
0.677
0.139
1.796
2.357
0.672
0.10300000000000001
1.801
2.363
0.676
0.131
1.795
2.36
0.706
0.121
1.784
2.374
0.709
0.107
1.784
2.364
0.726
0.122
1.764
2.386
0.721
0.11900000000000001
1.76
2.378
0.7010000000000001
0.084
1.739
2.376
0.753
0.10300000000000001
1.7650000000000001
2.395
0.772
0.106
1.722
2.376
0.738
0.08600000000000001
1.736
2.411
0.756
0.096
1.717
2.414
0.79
0.1
1.714
2.407
0.7010000000000001
0.078
1.709
2.412
0.806
0.05
1.689
2.402
0.8290000000000001
0.065
1.675
2.422
0.837
0.049
1.668
2.407
0.847
0.058
1.6520000000000001
2.426
0.8270000000000001
0.059000000000000004
1.631
2.435
0.859
0.06
1.609
2.439
0.881
0.066
1.5010000000000001
2.447
0.893
0.058
1.58
2.436
0.916
0.021
1.593
2.439
0.913
0.046
1.556
2.487
0.9470000000000001
0.017
1.567
2.445
0.926
0.016
1.549
2.46
0.9420000000000001
0.016
1.539
2.469
0.97
0.0
1.512
2.461
0.972
0.014
1.5070000000000001
2.463
0.988
0.011
1.493
2.469
0.967
0.011
1.5010000000000001
2.473
0.97
0.0
1.485
2.458
1.0030000000000001
0.012
1.473
2.45
1.008
0.0
1.472
2.465
1.026
0.019
1.439
2.482
1.054
0.0
1.448
2.469
1.031
0.017
1.42
2.492
1.064
0.02
1.437
2.479
1.078
0.003
1.403
2.473
1.097
0.002
1.411
2.498
1.115
0.0
1.395
2.497
1.123
0.0
1.357
2.484
1.129
0.0
1.344
2.487
1.127
0.001
1.319
2.472
1.149
0.012
1.34
2.482
1.145
0.011
1.32
2.49
1.166
0.0
1.346
2.505
1.193
0.0
1.311
2.507
1.182
0.002
1.298
2.4
1.178
0.0
1.29
2.494
1.201
0.0
1.286
2.497
1.232
0.037
1.237
2.513
1.22
0.0
1.198
2.504
1.24
0.0
1.22
2.497
1.2650000000000001
0.0
1.221
2.512
1.247
0.001
1.216
2.423
1.245
0.0
1.191
2.516
1.2630000000000001
0.0
1.191
2.49
1.291
0.0
1.185
2.486
1.314
0.004
1.201
2.5
1.299
0.0
1.162
2.508
1.311
0.007
1.177
2.508
1.348
0.0
1.156
2.497
1.373
0.0
1.1320000000000001
2.5
1.365
0.0
1.1300000000000001
2.49
1.34
0.0
1.109
2.496
1.352
0.008
1.097
2.5
1.393
0.012
1.088
2.498
1.411
0.0
1.111
2.5180000000000002
1.363
0.012
1.069
2.473
1.414
0.008
1.093
2.486
1.4000000000000001
0.012
1.038
2.478
1.414
0.012
1.054
2.487
1.455
0.016
1.059
2.48
1.472
0.0
1.014
2.457
1.461
0.025
1.027
2.465
1.461
0.016
1.095
2.487
1.477
0.0
1.024
2.481
1.489
0.023
1.0
2.463
1.506
0.009000000000000001
0.968
2.452
1.494
0.034
0.9580000000000001
2.434
1.52
0.032
0.9510000000000001
2.481
1.536
0.04
0.967
2.46
1.5130000000000001
0.025
0.924
2.473
1.536
0.02
0.93
2.461
1.552
0.037
0.915
2.442
1.565
0.023
0.919
2.452
1.578
0.047
0.915
2.436
1.58
0.062
0.893
2.434
1.622
0.031
0.88
2.437
1.616
0.041
0.85
2.442
1.607
0.037
0.851
2.432
1.627
0.062
0.84
2.434
1.647
0.067
0.841
2.419
1.647
0.054
0.838
2.428
1.659
0.062
0.834
2.42
1.68
0.073
0.792
2.403
1.681
0.09
0.785
2.392
1.697
0.08
0.792
2.415
1.722
0.093
0.774
2.3890000000000002
1.722
0.092
0.763
2.4
1.733
0.093
0.775
2.403
1.738
0.112
0.727
2.384
1.738
0.10300000000000001
0.738
2.37
1.764
0.109
0.719
2.387
1.7890000000000001
0.106
0.6970000000000001
2.367
1.794
0.116
0.707
2.355
1.801
0.11
0.676
2.378
1.816
0.135
0.672
2.368
1.807
0.146
0.655
2.344
1.847
0.161
0.709
2.352
1.846
0.14
0.628
2.322
1.835
0.159
0.617
2.349
1.849
0.10400000000000001
0.616
2.345
1.869
0.166
0.606
2.321
1.8900000000000001
0.161
0.6
2.32
1.801
0.177
0.603
2.318
1.907
0.181
0.5670000000000001
2.308
1.8940000000000001
0.195
0.558
2.301
1.9000000000000001
0.181
0.548
2.281
1.939
0.188
0.558
2.286
1.942
0.222
0.535
2.297
1.963
0.225
0.524
2.262
1.963
0.216
0.508
2.279
1.957
0.222
0.527
2.274
1.971
0.216
0.51
2.2640000000000002
1.965
0.232
0.487
2.247
1.971
0.259
0.47000000000000003
2.231
1.99
0.23900000000000002
0.509
2.238
2.009
0.232
0.47400000000000003
2.255
2.0
0.273
0.451
2.212
2.005
0.277
0.448
2.21
2.0100000000000002
0.269
0.467
2.204
2.044
0.266
0.456
2.241
2.025
0.298
0.427
2.286
2.055
0.305
0.439
2.191
2.073
0.308
0.41000000000000003
2.184
2.06
0.316
0.417
2.184
2.055
0.313
0.394
2.184
2.094
0.317
0.398
2.183
2.082
0.319
0.386
2.1710000000000003
2.081
0.31
0.396
2.165
2.1
0.316
0.384
2.1390000000000002
2.105
0.319
0.377
2.158
2.107
0.341
0.34700000000000003
2.13
2.136
0.364
0.334
2.141
2.149
0.379
0.35100000000000003
2.1
2.1390000000000002
0.387
0.318
2.093
2.17
0.306
0.335
2.082
2.177
0.394
0.303
2.087
2.186
0.386
0.311
2.074
2.165
0.394
0.291
2.066
2.2
0.442
0.302
2.021
2.194
0.455
0.281
2.039
2.212
0.457
0.28600000000000003
2.029
2.22
0.459
0.276
2.028
2.221
0.485
0.268
2.019
2.241
0.468
0.24
1.991
2.228
0.508
0.23600000000000002
1.981
2.249
0.481
0.217
1.986
2.2600000000000002
0.508
0.225
1.968
2.2600000000000002
0.511
0.247
1.933
2.265
0.527
0.20600000000000002
1.936
2.291
0.549
0.2
1.925
2.2760000000000002
0.528
0.188
1.939
2.302
0.562
0.21
1.917
2.303
0.5710000000000001
0.182
1.9020000000000001
2.286
0.585
0.194
1.917
2.32
0.592
0.183
1.891
2.338
0.582
0.167
1.8840000000000001
2.326
0.621
0.169
1.877
2.329
0.632
0.176
1.875
2.325
0.625
0.164
1.846
2.334
0.649
0.146
1.831
2.357
0.658
0.136
1.822
2.371
0.651
0.116
1.893
2.361
0.668
0.13
1.803
2.371
0.7010000000000001
0.11800000000000001
1.784
2.382
0.6940000000000001
0.122
1.7770000000000001
2.355
0.706
0.117
1.752
2.376
0.73
0.10300000000000001
1.7530000000000001
2.392
0.763
0.11
1.735
2.416
0.743
0.085
1.716
2.411
0.78
0.095
1.694
2.3850000000000002
0.798
0.088
1.714
2.407
0.797
0.078
1.698
2.408
0.8160000000000001
0.083
1.674
2.415
0.81
0.1
1.6460000000000001
2.431
0.8150000000000001
0.051000000000000004
1.6380000000000001
2.44
0.8150000000000001
0.076
1.633
2.416
0.846
0.065
1.619
2.457
0.859
0.053
1.631
2.4210000000000003
0.867
0.042
1.593
2.427
0.901
0.032
1.58
2.448
0.911
0.029
1.572
2.427
0.919
0.035
1.551
2.453
0.918
0.024
1.567
2.436
0.927
0.026000000000000002
1.5350000000000001
2.458
0.9590000000000001
0.045
1.552
2.468
0.9420000000000001
0.023
1.516
2.455
0.96
0.022
1.5230000000000001
2.481
0.984
0.023
1.51
2.483
0.969
0.0
1.494
2.48
0.967
0.002
1.417
2.458
0.998
0.004
1.478
2.482
1.014
0.016
1.488
2.444
1.02
0.0
1.442
2.478
1.0130000000000001
0.0
1.456
2.474
1.0190000000000001
0.0
1.463
2.497
1.046
0.02
1.425
2.465
1.075
0.012
1.432
2.474
1.048
0.0
1.42
2.482
1.082
0.0
1.395
2.483
1.099
0.012
1.3860000000000001
2.496
1.101
0.0
1.3820000000000001
2.471
1.112
0.004
1.361
2.486
1.124
0.0
1.391
2.478
1.1320000000000001
0.014
1.341
2.513
1.131
0.007
1.355
2.48
1.1420000000000001
0.0
1.317
2.493
1.158
0.0
1.345
2.511
1.1400000000000001
0.0
1.306
2.476
1.155
0.0
1.287
2.474
1.211
0.0
1.288
2.478
1.208
0.0
1.283
2.515
1.199
0.0
1.274
2.487
1.194
0.007
1.2770000000000001
2.5100000000000002
1.218
0.001
1.2510000000000001
2.484
1.242
0.0
1.245
2.516
1.241
0.002
1.2690000000000001
2.494
1.233
0.0
1.228
2.5020000000000002
1.23
0.0
1.226
2.505
1.249
0.0
1.246
2.5
1.2650000000000001
0.008
1.204
2.474
1.249
0.0
1.23
2.5
1.2710000000000001
0.003
1.209
2.489
1.252
0.002
1.211
2.488
1.296
0.0
1.298
2.484
1.278
0.0
1.241
2.486
1.2750000000000001
0.002
1.183
2.492
1.296
0.001
1.201
2.478
1.28
0.0
1.211
2.484
1.2770000000000001
0.002
1.18
2.5
1.286
0.02
1.162
2.503
1.29
0.004
1.16
2.487
1.299
0.0
1.149
2.479
1.309
0.0
1.137
2.403
1.342
0.0
1.129
2.465
1.324
0.008
1.131
2.5020000000000002
1.369
0.0
1.1300000000000001
2.484
1.3780000000000001
0.0
1.103
2.479
1.3780000000000001
0.013000000000000001
1.103
2.503
1.377
0.0
1.109
2.498
1.3820000000000001
0.004
1.116
2.5
1.403
0.009000000000000001
1.096
2.471
1.3880000000000001
0.004
1.073
2.482
1.414
0.011
1.077
2.466
1.44
0.0
1.046
2.476
1.425
0.0
1.048
2.489
1.427
0.0
1.052
2.458
1.432
0.012
1.044
2.466
1.465
0.008
1.031
2.487
1.465
0.027
1.014
2.468
1.456
0.016
1.027
2.455
1.474
0.0
1.014
2.457
1.499
0.024
0.996
2.473
1.512
0.035
0.99
2.474
1.5270000000000001
0.008
0.986
2.471
1.5350000000000001
0.021
0.969
2.455
1.528
0.007
0.968
2.461
1.5110000000000001
0.039
0.9530000000000001
2.442
1.53
0.03
0.9380000000000001
2.457
1.541
0.028
0.9500000000000001
2.473
1.569
0.036000000000000004
0.9380000000000001
2.445
1.541
0.03
0.925
2.461
1.54
0.015
0.927
2.442
1.575
0.044
0.913
2.444
1.539
0.041
0.906
2.442
1.554
0.033
0.9
2.441
1.582
0.052000000000000005
0.924
2.448
1.557
0.026000000000000002
0.903
2.445
1.585
0.044
0.913
2.47
1.593
0.033
0.892
2.408
1.602
0.059000000000000004
0.911
2.44
1.599
0.042
0.898
2.431
1.594
0.049
0.898
2.442
1.615
0.016
0.875
2.437
1.627
0.045
0.864
2.449
1.595
0.056
0.857
2.411
1.609
0.037
0.871
2.432
1.604
0.047
0.851