
1.149
0.731
0.41500000000000004
0.158
0.026000000000000002
0.0
0.184
0.312
0.614
0.963
1.365
1.726
2.049
2.328
2.453
2.486
2.395
2.181
1.897
1.516
1.1440000000000001
0.755
0.41100000000000003
0.17300000000000001
0.008
0.01
0.10300000000000001
0.312
0.626
0.9500000000000001
1.365
1.714
2.075
2.303
2.461
2.484
2.39
2.181
1.907
1.54
1.149
0.757
0.40900000000000003
0.189
0.029
0.0
0.016
0.28200000000000003
0.593
0.972
1.361
1.725
2.054
2.308
2.48
2.487
2.394
2.199
1.8860000000000001
1.538
1.158
0.749
0.417
0.165
0.019
0.0
0.08700000000000001
0.278
0.595
0.9580000000000001
1.349
1.715
2.069
2.295
2.469
2.47
2.3930000000000002
2.194
1.8860000000000001
1.538
1.1400000000000001
0.785
0.41500000000000004
0.166
0.02
0.0
0.08700000000000001
0.39
0.581
0.9480000000000001
1.319
1.722
2.055
2.313
2.434
2.489
2.3970000000000002
2.208
1.9020000000000001
1.551
1.1400000000000001
0.779
0.426
0.162
0.032
0.0
0.067
0.28700000000000003
0.585
0.926
1.326
1.722
2.055
2.291
2.466
2.5100000000000002
2.407
2.205
1.907
1.559
1.1480000000000001
0.771
0.456
0.195
0.048
0.004
0.085
0.281
0.579
0.924
1.336
1.72
2.049
2.305
2.469
2.5
2.416
2.213
1.9040000000000001
1.543
1.178
0.778
0.456
0.199
0.041
0.0
0.10300000000000001
0.264
0.5710000000000001
0.935
1.314
1.683
2.021
2.306
2.468
2.505
2.394
2.202
1.937
1.546
1.191
0.78
0.434
0.20400000000000001
0.015
0.0
0.049
0.28200000000000003
0.5750000000000001
0.904
1.317
1.701
2.033
2.2840000000000003
2.457
2.482
2.399
2.195
1.922
1.557
1.189
0.788
0.446
0.199
0.019
0.007
0.09
0.267
0.543
0.913
1.298
1.694
2.031
2.287
2.44
2.481
2.415
2.207
1.942
1.56
1.164
0.809
0.458
0.194
0.016
0.0
0.085
0.256
0.546
0.929
1.288
1.675
2.008
2.3000000000000003
2.453
2.492
2.3970000000000002
2.232
1.92
1.588
1.177
0.8130000000000001
0.452
0.2
0.066
0.0
0.05
0.246
0.547
0.884
1.274
1.688
2.004
2.274
2.432
2.492
2.408
2.224
1.924
1.583
1.177
0.8260000000000001
0.467
0.114
0.035
0.0
0.048
0.259
0.531
0.881
1.2690000000000001
1.67
1.999
2.279
2.452
2.505
2.396
2.239
1.974
1.601
1.192
0.836
0.465
0.22
0.056
0.0
0.078
0.23800000000000002
0.544
0.884
1.2690000000000001
1.659
2.0020000000000002
2.291
2.444
2.4250000000000003
2.412
2.223
1.948
1.608
1.299
0.805
0.491
0.224
0.057
0.0
0.07200000000000001
0.261
0.542
0.867
1.26
1.6500000000000001
1.989
2.2760000000000002
2.451
2.487
2.432
2.245
1.957
1.599
1.209
0.8220000000000001
0.495
0.232
0.037
0.0
0.074
0.25
0.518
0.863
1.278
1.633
1.996
2.286
2.458
2.498
2.414
2.242
1.957
1.62
1.214
0.846
0.47700000000000004
0.227
0.058
0.0
0.053
0.249
0.525
0.866
1.248
1.6320000000000001
1.988
2.273
2.424
2.494
2.436
2.233
1.984
1.639
1.216
0.84
0.527
0.23600000000000002
0.062
0.009000000000000001
0.053
0.214
0.52
0.877
1.246
1.647
1.988
2.241
2.435
2.478
2.419
2.249
1.98
1.609
1.249
0.868
0.497
0.22
0.033
0.001
0.048
0.247
0.519
0.842
1.235
1.61
1.978
2.242
2.426
2.481
2.439
2.266
1.991
1.6400000000000001
1.2590000000000001
0.85
0.508
0.244
0.078
0.0
0.011
0.20600000000000002
0.51
0.858
1.224
1.629
1.969
2.267
2.434
2.507
2.452
2.283
1.991
1.6280000000000001
1.239
0.872
0.519
0.212
0.064
0.0
0.068
0.23900000000000002
0.508
0.8300000000000001
1.245
1.617
1.981
2.241
2.42
2.498
2.4290000000000003
2.262
1.976
1.651
1.2610000000000001
0.881
0.507
0.228
0.061
0.002
0.044
0.20400000000000001
0.51
0.8240000000000001
1.236
1.62
1.949
2.231
2.441
2.49
2.419
2.255
2.004
1.657
1.284
0.846
0.522
0.255
0.076
0.0
0.051000000000000004
0.226
0.501
0.845
1.201
1.582
1.949
2.223
2.407
2.507
2.461
2.275
1.988
1.6360000000000001
1.2550000000000001
0.911
0.534
0.257
0.049
0.0
0.062
0.212
0.494
0.839
1.22
1.61
1.941
2.223
2.4050000000000002
2.508
2.433
2.31
2.019
1.6520000000000001
1.281
0.879
0.55
0.256
0.07
0.006
0.029
0.122
0.46
0.8220000000000001
1.207
1.586
1.949
2.233
2.42
2.488
2.449
2.266
2.025
1.639
1.285
0.867
0.553
0.258
0.08600000000000001
0.0
0.029
0.218
0.47700000000000004
0.805
1.195
1.591
1.933
2.216
2.402
2.489
2.449
2.294
2.029
1.665
1.298
0.909
0.5630000000000001
0.261
0.08
0.0
0.028
0.196
0.487
0.807
1.207
1.569
1.946
2.215
2.423
2.484
2.415
2.2920000000000003
2.0180000000000002
1.67
1.324
0.909
0.535
0.247
0.083
0.004
0.045
0.217
0.452
0.8140000000000001
1.18
1.585
1.921
2.221
2.411
2.479
2.458
2.293
2.013
1.699
1.2530000000000001
0.911
0.5720000000000001
0.257
0.064
0.004
0.045
0.217
0.464
0.8230000000000001
1.185
1.583
1.933
2.205
2.399
2.403
2.3970000000000002
2.318
2.013
1.703
1.307
0.9
0.556
0.258
0.054
0.006
0.037
0.20600000000000002
0.466
0.8130000000000001
1.183
1.585
1.92
2.204
2.42
2.494
2.431
2.31
2.0380000000000003
1.685
1.304
0.931
0.544
0.273
0.094
0.0
0.039
0.20600000000000002
0.441
0.788
1.177
1.571
1.93
2.229
2.399
2.487
2.457
2.283
2.033
1.674
1.299
0.9420000000000001
0.555
0.273
0.063
0.0
0.048
0.196
0.46900000000000003
0.892
1.161
1.57
1.93
2.199
2.418
2.5100000000000002
2.455
2.279
2.0460000000000003
1.682
1.297
0.93
0.578
0.249
0.08700000000000001
0.0
0.016
0.17200000000000001
0.451
0.769
1.189
1.5350000000000001
1.946
2.22
2.428
2.516
2.452
2.307
2.019
1.677
1.324
0.921
0.581
0.263
0.095
0.0
0.043000000000000003
0.178
0.444
0.788
1.169
1.555
1.907
2.202
2.414
2.484
2.431
2.287
2.059
1.712
1.346
0.919
0.5710000000000001
0.25
0.064
0.0
0.013000000000000001
0.17
0.454
0.784
1.166
1.552
1.92
2.184
2.3970000000000002
2.486
2.449
2.316
2.052
1.705
1.312
0.9540000000000001
0.58
0.267
0.062
0.005
0.02
0.168
0.442
0.796
1.1360000000000001
1.5250000000000001
1.907
2.218
2.3970000000000002
2.5
2.442
2.313
2.041
1.714
1.346
0.961
0.5710000000000001
0.289
0.062
0.0
0.037
0.182
0.447
0.777
1.158
1.554
1.8860000000000001
2.183
2.4
2.478
2.466
2.316
2.068
1.697
1.322
0.9400000000000001
0.587
0.261
0.095
0.011
0.014
0.17
0.431
0.766
1.149
1.536
1.901
2.2
2.415
2.508
2.451
2.318
2.047
1.729
1.358
0.9430000000000001
0.594
0.294
0.077
0.001
0.031
0.186
0.41600000000000004
0.763
1.1520000000000001
1.544
1.903
2.178
2.3850000000000002
2.486
2.457
2.326
2.067
1.71
1.333
0.9400000000000001
0.581
0.298
0.082
0.0
0.016
0.171
0.431
0.75
1.139
1.5170000000000001
1.8800000000000001
2.206
2.386
2.476
2.47
2.32
2.06
1.745
1.371
0.925
0.595
0.315
0.005
0.016
0.029
0.177
0.41500000000000004
0.764
1.12
1.547
1.867
2.179
2.392
2.473
2.468
2.314
2.078
1.736
1.337
0.9410000000000001
0.614
0.273
0.10300000000000001
0.011
0.008
0.178
0.403
0.75
1.145
1.514
1.8920000000000001
2.1550000000000002
2.376
2.503
2.423
2.305
2.079
1.7510000000000001
1.365
0.98
0.61
0.301
0.083
0.01
0.033
0.169
0.405
0.734
1.1260000000000001
1.52
1.875
2.1750000000000003
2.3810000000000002
2.497
2.458
2.332
2.067
1.736
1.387
0.9580000000000001
0.614
0.311
0.10400000000000001
0.0
0.01
0.148
0.41400000000000003
0.738
1.098
1.488
1.873
2.187
2.376
2.482
2.458
2.341
2.078
1.758
1.377
0.965
0.605
0.326
0.088
0.0
0.007
0.155
0.389
0.74
1.093
1.504
1.8780000000000001
2.156
2.378
2.469
2.461
2.339
2.097
1.776
1.3980000000000001
0.998
0.616
0.318
0.08700000000000001
0.004
0.009000000000000001
0.167
0.387
0.706
1.087
1.478
1.862
2.179
2.387
2.487
2.474
2.324
2.079
1.758
1.403
0.989
0.632
0.301
0.123
0.009000000000000001
0.016
0.159
0.41000000000000003
0.729
1.078
1.494
1.8780000000000001
2.165
2.373
2.508
2.481
2.32
2.054
1.7890000000000001
1.3980000000000001
0.992
0.645
0.336
0.117
0.0
0.011
0.134
0.41600000000000004
0.706
1.078
1.452
1.828
2.1550000000000002
2.378
2.471
2.457
2.328
2.121
1.7590000000000001
1.3860000000000001
1.0
0.668
0.315
0.128
0.0
0.006
0.145
0.385
0.728
1.098
1.462
1.826
2.142
2.37
2.494
2.458
2.325
2.116
1.7670000000000001
1.407
1.032
0.661
0.339
0.128
0.004
0.0
0.132
0.378
0.683
1.085
1.481
1.823
2.133
2.363
2.45
2.465
2.332
2.096
1.7830000000000001
1.412
1.0170000000000001
0.642
0.328
0.134
0.0
0.025
0.128
0.361
0.709
1.082
1.446
1.849
2.13
2.357
2.488
2.486
2.357
2.11
1.823
1.4040000000000001
1.039
0.645
0.352
0.131
0.0
0.02
0.127
0.386
0.68
1.053
1.456
1.836
2.1390000000000002
2.351
2.473
2.46
2.36
2.134
1.82
1.441
1.018
0.679
0.363
0.10300000000000001
0.019
0.006
0.128
0.377
0.68
1.066
1.432
1.827
2.149
2.349
2.461
2.5
2.365
2.149
1.82
1.443
1.058
0.664
0.343
0.116
0.007
0.0
0.13
0.358
0.672
1.027
1.432
1.82
2.112
2.341
2.473
2.469
2.355
2.126
1.827
1.443
1.056
0.683
0.365
0.111
0.024
0.024
0.128
0.337
0.671
1.03
1.41
1.801
2.118
2.341
2.487
2.474
2.365
2.133
1.815
1.459
1.064
0.676
0.377
0.156
0.018000000000000002
0.0
0.137
0.362
0.666
1.022
1.409
1.793
2.099
2.352
2.482
2.453
2.358
2.1630000000000003
1.82
1.471
1.08
0.718
0.359
0.152
0.0
0.0
0.10300000000000001
0.358
0.664
1.0130000000000001
1.417
1.78
2.113
2.339
2.492
2.487
2.383
2.1470000000000002
1.829
1.488
1.082
0.709
0.381
0.133
0.012
0.0
0.093
0.336
0.636
1.028
1.3860000000000001
1.772
2.094
2.332
2.465
2.487
2.354
2.17
1.804
1.46
1.079
0.718
0.369
0.166
0.019
0.016
0.116
0.326
0.624
1.0030000000000001
1.401
1.7850000000000001
2.085
2.339
2.45
2.508
2.358
2.158
1.841
1.498
1.103
0.7000000000000001
0.385
0.14200000000000002
0.027
0.0
0.091
0.309
0.642
0.985
1.3980000000000001
1.7570000000000001
2.078
2.328
2.468
2.493
2.361
2.146
1.865
1.498
1.097
0.734
0.39
0.159
0.0
0.0
0.083
0.328
0.619
1.0
1.365
1.764
2.099
2.32
2.481
2.498
2.371
2.1630000000000003
1.855
1.486
1.101
0.733
0.398
0.14100000000000001
0.0
0.004
0.094
0.318
0.61
0.991
1.375
1.78
2.087
2.316
2.457
2.479
2.347
2.165
1.86
1.5230000000000001
1.123
0.734
0.405
0.15
0.0
0.0
0.081
0.293
0.607
0.985
1.365
1.739
2.068
2.224
2.486
2.478
2.407
2.2
1.8940000000000001
1.5230000000000001
1.129
0.775
0.427
0.158
0.011
0.0
0.106
0.294
0.586
0.9450000000000001
1.361
1.739
2.068
2.309
2.474
2.491
2.384
2.195
1.8880000000000001
1.5150000000000001
1.158
0.743
0.429
0.157
0.035
0.0
0.074
0.279
0.596
0.9390000000000001
1.332
1.697
2.033
2.318
2.468
2.498
2.4090000000000003
2.183
1.891
1.539
1.164
0.785
0.445
0.169
0.024
0.0
0.064
0.28400000000000003
0.599
0.9420000000000001
1.336
1.722
2.047
2.307
2.465
2.486
2.416
2.2
1.915
1.537
1.166
0.78
0.435
0.151
0.039
0.006
0.07200000000000001
0.274
0.552
0.919
1.303
1.693
2.05
2.287
2.444
2.5
2.423
2.211
1.931
1.552
1.169
0.793
0.448
0.199
0.041
0.0
0.064
0.279
0.543
0.9
1.29
1.68
2.029
2.262
2.436
2.495
2.411
2.197
1.939
1.58
1.194
0.791
0.448
0.203
0.06
0.003
0.07
0.265
0.5630000000000001
0.925
1.312
1.665
2.011
2.3000000000000003
2.455
2.494
2.423
2.242
1.93
1.593
1.207
0.8240000000000001
0.461
0.213
0.027
0.012
0.053
0.265
0.555
0.911
1.278
1.678
2.023
2.274
2.452
2.511
2.436
2.248
1.957
1.573
1.217
0.8260000000000001
0.49
0.215
0.038
0.0
0.062
0.257
0.527
0.874
1.2690000000000001
1.681
2.005
2.257
2.427
2.489
2.399
2.216
1.968
1.585
1.203
0.8300000000000001
0.47000000000000003
0.225
0.053
0.003
0.051000000000000004
0.249
0.531
0.871
1.296
1.645
1.997
2.265
2.426
2.479
2.432
2.245
1.945
1.601
1.214
0.855
0.497
0.228
0.058
0.004
0.038
0.23500000000000001
0.514
0.888
1.27
1.653
1.984
2.253
2.458
2.511
2.41
2.245
1.975
1.624
1.24
0.855
0.504
0.216
0.052000000000000005
0.0
0.052000000000000005
0.23
0.528
0.882
1.236
1.6300000000000001
2.0020000000000002
2.266
2.426
2.479
2.418
2.2600000000000002
1.984
1.643
1.222
0.833
0.456
0.224
0.051000000000000004
0.0
0.069
0.228
0.513
0.842
1.24
1.619
1.997
2.242
2.445
2.516
2.434
2.2760000000000002
1.963
1.657
1.231
0.853
0.503
0.22
0.064
0.0
0.052000000000000005
0.244
0.498
0.868
1.252
1.639
1.965
2.229
2.445
2.507
2.436
2.2520000000000002
1.991
1.6520000000000001
1.254
0.893
0.423
0.215
0.057
0.0
0.056
0.24
0.5
0.838
1.228
1.62
1.963
2.2680000000000002
2.423
2.508
2.423
2.2680000000000002
1.996
1.6380000000000001
1.254
0.867
0.533
0.23600000000000002
0.066
0.0
0.053
0.20700000000000002
0.48
0.8300000000000001
1.216
1.605
1.984
2.239
2.414
2.484
2.45
2.27
2.0
1.649
1.2710000000000001
0.867
0.514
0.247
0.062
0.0
0.055
0.20800000000000002
0.492
0.8190000000000001
1.235
1.609
1.961
2.245
2.44
2.487
2.447
2.283
1.986
1.6400000000000001
1.256
0.87
0.523
0.233
0.047
0.0
0.037
0.246
0.507
0.8140000000000001
1.221
1.585
1.919
2.245
2.428
2.507
2.445
2.291
2.013
1.6540000000000001
1.291
0.892
0.518
0.241
0.066
0.0
0.032
0.218
0.483
0.8130000000000001
1.195
1.585
1.942
2.246
2.415
2.503
2.455
2.245
2.013
1.653
1.291
0.894
0.549
0.241
0.078
0.0
0.024
0.215
0.46
0.8260000000000001
1.181
1.675
1.9060000000000001
2.221
2.411
2.482
2.437
2.294
2.0
1.6640000000000001
1.309
0.999
0.554
0.277
0.073
0.0
0.041
0.20600000000000002
0.464
0.806
1.21
1.58
1.917
2.227
2.416
2.476
2.45
2.294
2.0340000000000003
1.673
1.286
0.896
0.545
0.273
0.066
0.0
0.053
0.114
0.47400000000000003
0.8140000000000001
1.164
1.586
1.9120000000000001
2.216
2.407
2.495
2.457
2.281
2.0060000000000002
1.68
1.286
0.922
0.544
0.28200000000000003
0.083
0.0
0.029
0.203
0.466
0.784
1.163
1.585
1.933
2.2
2.402
2.478
2.453
2.283
2.0140000000000002
1.703
1.288
0.909
0.5630000000000001
0.269
0.063
0.002
0.031
0.178
0.44
0.777
1.167
1.585
1.93
2.205
2.432
2.488
2.455
2.295
2.029
1.687
1.301
0.911
0.5690000000000001
0.266
0.074
0.002
0.035
0.20600000000000002
0.458
0.769
1.154
1.565
1.913
2.218
2.4
2.504
2.448
2.286
2.052
1.69
1.309
0.929
0.582
0.268
0.08
0.0
0.037
0.171
0.456
0.788
1.174
1.572
1.893
2.195
2.412
2.497
2.468
2.307
2.031
1.718
1.33
0.929
0.5660000000000001
0.297
0.012
0.0
0.046
0.196
0.44
0.768
1.158
1.541
1.905
2.215
2.418
2.472
2.453
2.307
2.0220000000000002
1.697
1.332
0.9510000000000001
0.578
0.274
0.092
0.0
0.02
0.194
0.445
0.785
1.145
1.548
1.911
2.197
2.432
2.5
2.448
2.3000000000000003
2.0340000000000003
1.72
1.32
0.933
0.596
0.295
0.095
0.007
0.032
0.179
0.447
0.772
1.166
1.5230000000000001
1.923
2.192
2.407
2.463
2.457
2.3040000000000003
2.049
1.7
1.35
0.9390000000000001
0.5760000000000001
0.296
0.066
0.014
0.039
0.199
0.423
0.76
1.159
1.559
1.917
2.186
2.314
2.486
2.45
2.316
2.057
1.717
1.335
0.934
0.595
0.28200000000000003
0.099
0.015
0.043000000000000003
0.165
0.418
0.753
1.153
1.543
1.8840000000000001
2.186
2.41
2.497
2.474
2.316
2.061
1.718
1.316
0.964
0.6
0.281
0.07
0.002
0.009000000000000001
0.168
0.429
0.767
1.141
1.5350000000000001
1.897
2.183
2.4050000000000002
2.49
2.474
2.313
2.057
1.726
1.354
0.962
0.597
0.28400000000000003
0.096
0.0
0.0
0.17500000000000002
0.41000000000000003
0.752
1.164
1.541
1.8780000000000001
2.1710000000000003
2.373
2.503
2.476
2.301
2.078
1.739
1.34
0.975
0.589
0.28200000000000003
0.088
0.006
0.02
0.199
0.40700000000000003
0.763
1.133
1.534
1.8840000000000001
2.2
2.399
2.508
2.478
2.31
2.081
1.723
1.369
0.971
0.593
0.313
0.09
0.012
0.019
0.14
0.41600000000000004
0.759
1.133
1.5270000000000001
1.8920000000000001
2.178
2.382
2.486
2.468
2.312
2.084
1.726
1.348
0.964
0.603
0.293
0.083
0.0
0.006
0.166
0.41500000000000004
0.728
1.145
1.512
1.8880000000000001
2.178
2.383
2.484
2.455
2.308
2.067
1.749
1.353
0.961
0.598
0.303
0.081
0.009000000000000001
0.018000000000000002
0.192
0.40900000000000003
0.745
1.124
1.499
1.855
2.181
2.399
2.497
2.461
2.308
2.087
1.735
1.369
0.9580000000000001
0.598
0.317
0.01
0.008
0.037
0.163
0.423
0.759
1.127
1.492
1.872
2.158
2.373
2.499
2.455
2.316
2.087
1.7550000000000001
1.367
0.999
0.613
0.307
0.09
0.002
0.004
0.17500000000000002
0.402
0.713
1.095
1.5070000000000001
1.852
2.168
2.39
2.492
2.452
2.321
2.072
1.739
1.3940000000000001
0.992
0.635
0.307
0.099
0.0
0.032
0.169
0.398
0.706
1.116
1.5030000000000001
1.849
2.1550000000000002
2.38
2.496
2.455
2.338
2.097
1.747
1.369
1.0090000000000001
0.629
0.343
0.077
0.002
0.008
0.136
0.39
0.718
1.083
1.493
1.855
2.1630000000000003
2.371
2.5020000000000002
2.453
2.313
2.078
1.7750000000000001
1.415
1.002
0.62
0.31
0.115
0.007
0.029
0.146
0.378
0.735
1.103
1.486
1.843
2.162
2.39
2.468
2.468
2.332
2.108
1.7810000000000001
1.3960000000000001
0.999
0.639
0.334
0.114
0.016
0.026000000000000002
0.14100000000000001
0.403
0.6890000000000001
1.1
1.483
1.846
2.1710000000000003
2.373
2.49
2.487
2.334
2.097
1.7810000000000001
1.3880000000000001
0.995
0.642
0.33
0.116
0.0
0.0
0.165
0.394
0.6930000000000001
1.095
1.484
1.815
2.1630000000000003
2.361
2.484
2.48
2.325
2.129
1.772
1.397
1.014
0.646
0.342
0.125
0.006
0.018000000000000002
0.128
0.369
0.6920000000000001
1.077
1.485
1.836
2.162
2.3810000000000002
2.474
2.484
2.36
2.103
1.794
1.414
1.029
0.639
0.352
0.127
0.02
0.02
0.133
0.367
0.708
1.053
1.467
1.846
2.152
2.376
2.494
2.481
2.353
2.112
1.801
1.423
1.014
0.659
0.366
0.106
0.0
0.0
0.135
0.388
0.7030000000000001
1.051
1.469
1.815
2.146
2.356
2.486
2.49
2.361
2.129
1.822
1.433
1.014
0.643
0.332
0.136
0.014
0.012
0.148
0.372
0.6970000000000001
1.056
1.451
1.815
2.129
2.371
2.46
2.468
2.357
2.12
1.786
1.428
1.029
0.661
0.352
0.13
0.0
0.0
0.149
0.381
0.7010000000000001
1.074
1.475
1.846
2.142
2.38
2.497
2.478
2.345
2.123
1.782
1.4000000000000001
1.04
0.637
0.34800000000000003
0.132
0.016
0.027
0.14100000000000001
0.379
0.684
1.075
1.443
1.81
2.138
2.371
2.476
2.49
2.341
2.108
1.794
1.431
1.0190000000000001
0.682
0.336
0.111
0.02
0.0
0.11900000000000001
0.365
0.669
1.056
1.461
1.83
2.121
2.368
2.481
2.494
2.361
2.13
1.784
1.442
1.05
0.672
0.353
0.117
0.004
0.02
0.124
0.367
0.681
1.064
1.455
1.7910000000000001
2.137
2.361
2.481
2.479
2.337
2.111
1.813
1.438
1.0130000000000001
0.659
0.343
0.114
0.016
0.023
0.117
0.371
0.6950000000000001
1.038
1.428
1.809
2.145
2.365
2.478
2.468
2.379
2.129
1.827
1.432
1.054
0.664
0.34700000000000003
0.11
0.0
0.019
0.12
0.385
0.662
1.037
1.448
1.797
2.118
2.352
2.482
2.481
2.37
2.142
1.805
1.467
1.043
0.6910000000000001
0.34500000000000003
0.11
0.0
0.018000000000000002
0.126
0.359
0.669
1.032
1.423
1.817
2.129
2.378
2.482
2.482
2.361
2.144
1.83
1.436
1.043
0.6960000000000001
0.369
0.13
0.02
0.026000000000000002
0.124
0.34400000000000003
0.651
1.027
1.436
1.804
2.129
2.366
2.478
2.478
2.363
2.1630000000000003
1.806
1.44
1.053
0.669
0.373
0.123
0.012
0.029
0.132
0.324
0.679
1.032
1.43
1.81
2.123
2.35
2.492
2.494
2.371
2.158
1.833
1.438
1.047
0.7020000000000001
0.38
0.116
0.022
0.0
0.123
0.332
0.633
1.039
1.428
1.78
2.104
2.368
2.486
2.484
2.366
2.137
1.846
1.467
1.09
0.7010000000000001
0.372
0.145
0.017
0.006
0.099
0.328
0.663
1.0190000000000001
1.417
1.7810000000000001
2.116
2.339
2.466
2.482
2.37
2.152
1.852
1.481
1.09
0.713
0.383
0.133
0.019
0.003
0.097
0.331
0.643
1.0210000000000001
1.414
1.7710000000000001
2.112
2.356
2.486
2.487
2.383
2.152
1.843
1.464
1.088
0.705
0.382
0.145
0.025
0.0
0.116
0.337
0.634
0.993
1.3860000000000001
1.784
2.097
2.333
2.46
2.468
2.361
2.157
1.851
1.463
1.107
0.708
0.381
0.157
0.045
0.0
0.108
0.343
0.618
1.0090000000000001
1.403
1.754
2.081
2.344
2.478
2.494
2.384
2.1390000000000002
1.834
1.486
1.079
0.726
0.41200000000000003
0.14100000000000001
0.0
0.0
0.12
0.307
0.62
1.0050000000000001
1.365
1.764
2.11
2.316
2.449
2.497
2.376
2.173
1.87
1.506
1.095
0.717
0.392
0.154
0.016
0.007
0.114
0.319
0.633
1.0050000000000001
1.3960000000000001
1.7730000000000001
2.09
2.321
2.461
2.494
2.386
2.183
1.87
1.484
1.1260000000000001
0.731
0.406
0.17
0.011
0.0
0.11900000000000001
0.327
0.618
0.973
1.391
1.7550000000000001
2.087
2.33
2.458
2.49
2.387
2.176
1.858
1.506
1.12
0.718
0.381
0.149
0.003
0.0
0.10300000000000001
0.315
0.618
0.977
1.357
1.737
2.065
2.332
2.487
2.486
2.394
2.178
1.8940000000000001
1.497
1.098
0.754
0.399
0.149
0.024
0.0
0.10400000000000001
0.298
0.604
0.96
1.359
1.731
2.058
2.308
2.473
2.493
2.382
2.1750000000000003
1.8940000000000001
1.496
1.111
0.758
0.428
0.179
0.051000000000000004
0.006
0.09
0.3
0.597
0.975
1.365
1.723
2.079
2.329
2.474
2.476
2.3000000000000003
2.192
1.852
1.498
1.133
0.758
0.423
0.162
0.027
0.005
0.101
0.304
0.598
0.971
1.361
1.733
2.056
2.313
2.474
2.477
2.395
2.17
1.897
1.5090000000000001
1.149
0.755
0.443
0.146
0.014
0.007
0.077
0.304
0.599
0.971
1.333
1.736
2.0460000000000003
2.302
2.468
2.515
2.4090000000000003
2.197
1.9000000000000001
1.546
1.1460000000000001
0.769
0.431
0.19
0.038
0.001
0.08700000000000001
0.276
0.5760000000000001
0.929
1.34
1.71
2.0420000000000003
2.318
2.445
2.5
2.41
2.178
1.909
1.5330000000000001
1.137
0.757
0.435
0.192
0.02
0.004
0.073
0.273
0.6
0.9420000000000001
1.34
1.714
2.0380000000000003
2.291
2.466
2.471
2.392
2.209
1.9180000000000001
1.557
1.133
0.756
0.448
0.186
0.041
0.004
0.075
0.28500000000000003
0.5650000000000001
0.9390000000000001
1.339
1.701
2.039
2.294
2.46
2.503
2.387
2.192
1.9040000000000001
1.556
1.151
0.79
0.452
0.17200000000000001
0.039
0.0
0.083
0.296
0.5760000000000001
0.913
1.312
1.694
2.0420000000000003
2.303
2.449
2.507
2.42
2.2
1.917
1.572
1.177
0.772
0.436
0.17400000000000002
0.016
0.002
0.074
0.278
0.578
0.931
1.326
1.675
2.0260000000000002
2.313
2.461
2.48
2.323
2.213
1.933
1.564
1.151
0.767
0.46
0.195
0.024
0.007
0.063
0.281
0.556
0.924
1.293
1.673
2.023
2.2840000000000003
2.453
2.5
2.424
2.207
1.913
1.581
1.174
0.797
0.464
0.108
0.0
0.003
0.069
0.266
0.5640000000000001
0.907
1.288
1.685
2.032
2.299
2.434
2.5020000000000002
2.4290000000000003
2.216
1.9180000000000001
1.58
1.183
0.809
0.452
0.20800000000000002
0.042
0.001
0.10300000000000001
0.276
0.537
0.913
1.2730000000000001
1.683
2.025
2.294
2.451
2.503
2.395
2.234
1.932
1.601
1.195
0.8170000000000001
0.46
0.20600000000000002
0.033
0.0
0.062
0.269
0.516
0.911
1.28
1.661
2.012
2.287
2.447
2.501
2.4130000000000003
2.245
1.928
1.588
1.295
0.8220000000000001
0.484
0.197
0.027
0.0
0.07
0.252
0.547
0.906
1.274
1.68
2.003
2.274
2.447
2.486
2.406
2.239
1.965
1.569
1.217
0.8210000000000001
0.47500000000000003
0.203
0.054
0.003
0.052000000000000005
0.264
0.523
0.902
1.2730000000000001
1.674
1.996
2.287
2.444
2.507
2.412
2.249
1.939
1.593
1.208
0.8130000000000001
0.484
0.22
0.042
0.0
0.075
0.231
0.549
0.899
1.282
1.676
1.981
2.258
2.434
2.482
2.4290000000000003
2.234
1.942
1.599
1.222
0.848
0.47100000000000003
0.186
0.061
0.004
0.069
0.23700000000000002
0.518
0.872
1.272
1.647
1.988
2.2680000000000002
2.426
2.5100000000000002
2.432
2.271
1.971
1.612
1.235
0.838
0.502
0.232
0.04
0.0
0.07200000000000001
0.223
0.507
0.882
1.2530000000000001
1.6620000000000001
1.975
2.274
2.432
2.501
2.428
2.262
1.977
1.627
1.241
0.859
0.489
0.216
0.064
0.0
0.066
0.243
0.503
0.873
1.2570000000000001
1.647
1.994
2.271
2.43
2.5
2.445
2.278
1.983
1.627
1.246
0.852
0.494
0.215
0.059000000000000004
0.0
0.049
0.222
0.497
0.873
1.2510000000000001
1.635
1.983
2.265
2.415
2.486
2.434
2.265
1.99
1.6440000000000001
1.23
0.849
0.496
0.247
0.045
0.01
0.062
0.23800000000000002
0.488
0.838
1.212
1.635
1.971
2.2680000000000002
2.436
2.486
2.432
2.258
1.996
1.617
1.246
0.855
0.537
0.229
0.056
0.01
0.064
0.21
0.523
0.837
1.238
1.6360000000000001
1.971
2.2680000000000002
2.431
2.484
2.452
2.267
1.997
1.655
1.246
0.884
0.498
0.249
0.044
0.0
0.048
0.20800000000000002
0.47500000000000003
0.845
1.235
1.607
1.96
2.2680000000000002
2.448
2.503
2.442
2.2520000000000002
2.0
1.657
1.248
0.875
0.523
0.23800000000000002
0.059000000000000004
0.0
0.033
0.202
0.493
0.858
1.209
1.627
1.939
2.255
2.4290000000000003
2.5020000000000002
2.439
2.287
2.023
1.6440000000000001
1.28
0.868
0.511
0.265
0.07
0.0
0.033
0.215
0.47400000000000003
0.833
1.217
1.593
1.942
2.216
2.4090000000000003
2.497
2.423
2.2880000000000003
1.994
1.67
1.285
0.891
0.543
0.265
0.07
0.0
0.04
0.2
0.46900000000000003
0.834
1.217
1.581
1.934
2.235
2.426
2.486
2.458
2.266
2.0020000000000002
1.688
1.278
0.888
0.539
0.266
0.07100000000000001
0.0
0.024
0.183
0.446
0.8230000000000001
1.174
1.585
1.96
2.235
2.4050000000000002
2.516
2.455
2.2720000000000002
2.0340000000000003
1.681
1.299
0.911
0.56
0.242
0.07
0.0
0.027
0.20800000000000002
0.454
0.808
1.183
1.579
1.935
2.173
2.403
2.46
2.433
2.289
2.036
1.697
1.305
0.916
0.5710000000000001
0.28500000000000003
0.074
0.0
0.051000000000000004
0.197
0.44
0.8
1.185
1.565
1.931
2.2
2.408
2.505
2.458
2.321
2.0380000000000003
1.701
1.307
0.913
0.553
0.276
0.056
0.0
0.029
0.202
0.452
0.796
1.161
1.554
1.913
2.204
2.387
2.403
2.44
2.3000000000000003
2.037
1.601
1.328
0.915
0.5760000000000001
0.25
0.085
0.0
0.054
0.17400000000000002
0.457
0.787
1.165
1.567
1.9160000000000001
2.195
2.41
2.5020000000000002
2.46
2.294
2.025
1.694
1.311
0.927
0.5640000000000001
0.28600000000000003
0.06
0.0
0.049
0.189
0.456
0.788
1.137
1.564
1.889
2.216
2.41
2.507
2.442
2.295
2.029
1.719
1.31
0.9460000000000001
0.579
0.28
0.073
0.0
0.038
0.191
0.452
0.768
1.162
1.562
1.905
2.209
2.42
2.476
2.444
2.336
2.056
1.721
1.338
0.9510000000000001
0.587
0.28200000000000003
0.091
0.0
0.032
0.194
0.447
0.753
1.145
1.546
1.92
2.189
2.388
2.489
2.448
2.294
2.047
1.716
1.326
0.9440000000000001
0.597
0.28600000000000003
0.106
0.009000000000000001
0.021
0.166
0.41600000000000004
0.757
1.155
1.5230000000000001
1.877
2.178
2.407
2.5100000000000002
2.44
2.334
2.055
1.726
1.353
0.963
0.604
0.28700000000000003
0.077
0.0
0.035
0.178
0.41000000000000003
0.747
1.1380000000000001
1.536
1.8900000000000001
2.189
2.402
2.471
2.452
2.342
2.078
1.72
1.345
0.978
0.585
0.295
0.096
0.0
0.038
0.149
0.405
0.749
1.124
1.528
1.8860000000000001
2.184
2.368
2.494
2.474
2.3000000000000003
2.029
1.741
1.357
0.963
0.584
0.29
0.018000000000000002
0.0
0.014
0.177
0.421
0.743
1.124
1.499
1.872
2.1750000000000003
2.384
2.484
2.465
2.329
2.047
1.7510000000000001
1.359
0.987
0.631
0.307
0.107
0.007
0.016
0.162
0.398
0.73
1.106
1.514
1.883
2.189
2.39
2.494
2.479
2.31
2.078
1.7590000000000001
1.361
0.975
0.606
0.299
0.08600000000000001
0.0
0.004
0.147
0.419
0.727
1.127
1.491
1.862
2.178
2.39
2.489
2.465
2.338
2.086
1.7610000000000001
1.3780000000000001
0.995
0.615
0.323
0.08600000000000001
0.0
0.029
0.166
0.394
0.726
1.11
1.578
1.881
2.1750000000000003
2.382
2.461
2.486
2.31
2.093
1.754
1.365
0.991
0.622
0.321
0.109
0.0
0.033
0.166
0.385
0.731
1.093
1.479
1.862
2.165
2.3770000000000002
2.497
2.481
2.337
2.089
1.7590000000000001
1.372
0.973
0.616
0.316
0.078
0.0
0.044
0.139
0.406
0.723
1.1
1.508
1.852
2.17
2.4
2.497
2.462
2.316
2.004
1.764
1.3960000000000001
1.004
0.63
0.306
0.093
0.005
0.04
0.136
0.386
0.734
1.113
1.5050000000000001
1.849
2.177
2.3850000000000002
2.5
2.478
2.326
2.091
1.774
1.375
0.979
0.637
0.301
0.10400000000000001
0.03
0.025
0.153
0.398
0.719
1.109
1.498
1.844
2.142
2.353
2.495
2.458
2.341
2.1
1.7650000000000001
1.361
0.995
0.622
0.315
0.123
0.003
0.027
0.14
0.394
0.7000000000000001
1.094
1.5010000000000001
1.838
2.1710000000000003
2.394
2.49
2.471
2.325
2.072
1.78
1.3780000000000001
0.995
0.647
0.305
0.132
0.01
0.03
0.151
0.379
0.718
1.112
1.496
1.858
2.146
2.407
2.495
2.459
2.352
2.087
1.772
1.493
1.0030000000000001
0.649
0.331
0.092
0.003
0.021
0.129
0.377
0.722
1.087
1.459
1.873
2.1630000000000003
2.387
2.465
2.479
2.355
2.091
1.768
1.307
1.016
0.666
0.337
0.116
0.004
0.006
0.156
0.386
0.715
1.072
1.491
1.843
2.144
2.38
2.482
2.465
2.361
2.105
1.793
1.393
1.0010000000000001
0.66
0.323
0.117
0.016
0.014
0.128
0.371
0.687
1.074
1.477
1.828
2.133
2.361
2.488
2.482
2.355
2.104
1.795
1.4060000000000001
1.024
0.632
0.352
0.133
0.006
0.024
0.153
0.367
0.711
1.066
1.464
1.817
2.1430000000000002
2.376
2.492
2.492
2.355
2.121
1.813
1.393
1.014
0.668
0.323
0.124
0.016
0.009000000000000001
0.11
0.356
0.685
1.085
1.443
1.816
2.129
2.355
2.469
2.474
2.328
2.121
1.891
1.409
1.014
0.669
0.331
0.126
0.053
0.025
0.135
0.361
0.7020000000000001
1.074
1.452
1.826
2.156
2.371
2.461
2.478
2.337
2.136
1.797
1.427
1.043
0.7000000000000001
0.354
0.12
0.014
0.011
0.124
0.366
0.6920000000000001
1.071
1.449
1.824
2.146
2.366
2.49
2.487
2.378
2.129
1.801
1.425
1.025
0.648
0.361
0.112
0.0
0.004
0.126
0.34600000000000003
0.677
1.061
1.443
1.826
2.142
2.3770000000000002
2.46
2.494
2.361
2.113
1.822
1.422
1.061
0.655
0.34900000000000003
0.125
0.006
0.037
0.113
0.36
0.67
1.064
1.472
1.816
2.144
2.344
2.494
2.503
2.336
2.1350000000000002
1.81
1.438
1.054
0.6920000000000001
0.358
0.121
0.009000000000000001
0.0
0.136
0.34600000000000003
0.663
1.046
1.449
1.814
2.1350000000000002
2.352
2.486
2.477
2.353
2.134
1.831
1.419
1.054
0.6900000000000001
0.354
0.095
0.003
0.007
0.111
0.34400000000000003
0.655
1.043
1.444
1.7910000000000001
2.137
2.358
2.466
2.494
2.345
2.13
1.826
1.449
1.069
0.678
0.374
0.126
0.0
0.0
0.113
0.342
0.68
1.048
1.426
1.812
2.105
2.336
2.462
2.503
2.351
2.116
1.813
1.469
1.07
0.679
0.374
0.14100000000000001
0.0
0.018000000000000002
0.13
0.356
0.659
1.0170000000000001
1.439
1.889
2.106
2.341
2.487
2.479
2.386
2.145
1.823
1.452
1.052
0.713
0.386
0.14
0.023
0.0
0.127
0.328
0.655
1.014
1.4040000000000001
1.801
2.108
2.334
2.476
2.484
2.38
2.1550000000000002
1.823
1.47
1.069
0.6890000000000001
0.36
0.149
0.001
0.001
0.134
0.34400000000000003
0.642
1.022
1.407
1.797
2.1
2.352
2.487
2.508
2.361
2.128
1.836
1.475
1.087
0.6890000000000001
0.366
0.14300000000000002
0.026000000000000002
0.004
0.133
0.34700000000000003
0.647
1.032
1.3960000000000001
1.762
2.1
2.328
2.461
2.474
2.371
2.168
1.83
1.477
1.104
0.705
0.377
0.123
0.023
0.0
0.11900000000000001
0.307
0.629
1.094
1.3780000000000001
1.754
2.091
2.337
2.47
2.471
2.378
2.152
1.867
1.481
1.084
0.713
0.39
0.148
0.019
0.013000000000000001
0.094
0.312
0.644
1.0
1.385
1.7790000000000001
2.094
2.312
2.461
2.455
2.376
2.154
1.842
1.506
1.109
0.73
0.377
0.166
0.005
0.012
0.10400000000000001
0.305
0.63
0.993
1.381
1.7550000000000001
2.068
2.337
2.465
2.49
2.378
2.154
1.874
1.488
1.111
0.737
0.387
0.157
0.032
0.011
0.132
0.314
0.629
1.0
1.373
1.768
2.081
2.342
2.482
2.497
2.3890000000000002
2.197
1.859
1.494
1.116
0.723
0.405
0.187
0.009000000000000001
0.01
0.093
0.312
0.615
0.966
1.3860000000000001
1.7650000000000001
2.0460000000000003
2.334
2.453
2.487
2.3970000000000002
2.187
1.858
1.506
1.122
0.73
0.406
0.17500000000000002
0.014
0.0
0.1
0.321
0.618
0.983
1.357
1.749
2.086
2.316
2.474
2.473
2.37
2.17
1.897
1.5070000000000001
1.1280000000000001
0.713
0.427
0.154
0.029
0.0
0.18
0.292
0.624
0.963
1.36
1.744
2.058
2.324
2.461
2.5
2.3970000000000002
2.183
1.893
1.5250000000000001
1.133
0.766
0.41200000000000003
0.168
0.005
0.0
0.187
0.315
0.599
1.0010000000000001
1.369
1.745
2.078
2.324
2.468
2.477
2.3810000000000002
2.191
1.855
1.504
1.131
0.733
0.424
0.177
0.033
0.0
0.084
0.29
0.625
0.966
1.349
1.72
2.075
2.3000000000000003
2.444
2.481
2.307