
0.375
2.09
0.376
2.107
0.361
2.136
0.355
2.152
0.312
2.154
0.307
2.165
0.3
2.207
0.281
2.194
0.263
2.221
0.271
2.22
0.251
2.259
0.232
2.24
0.232
2.269
0.223
2.257
0.20600000000000002
2.275
0.186
2.294
0.152
2.307
0.203
2.324
0.149
2.326
0.148
2.329
0.14100000000000001
2.345
0.14100000000000001
2.344
0.111
2.379
0.116
2.36
0.081
2.372
0.10300000000000001
2.382
0.07100000000000001
2.39
0.069
2.408
0.054
2.4050000000000002
0.058
2.42
0.063
2.44
0.0
2.455
0.045
2.457
0.049
2.447
0.019
2.453
0.041
2.474
0.02
2.474
0.016
2.465
0.02
2.492
0.0
2.498
0.001
2.47
0.01
2.478
0.0
2.484
0.004
2.498
0.0
2.478
0.014
2.487
0.007
2.519
0.0
2.478
0.0
2.517
0.001
2.49
0.0
2.479
0.004
2.494
0.0
2.503
0.0
2.479
0.004
2.471
0.012
2.492
0.019
2.458
0.004
2.461
0.002
2.442
0.01
2.461
0.021
2.434
0.024
2.444
0.041
2.4250000000000003
0.049
2.431
0.042
2.411
0.07
2.431
0.055
2.416
0.091
2.395
0.091
2.392
0.012
2.379
0.098
2.382
0.124
2.365
0.124
2.355
0.12
2.351
0.13
2.335
0.17400000000000002
2.327
0.14400000000000002
2.324
0.20600000000000002
2.313
0.199
2.299
0.17300000000000001
2.287
0.23
2.2680000000000002
0.23800000000000002
2.255
0.261
2.22
0.259
2.212
0.264
2.221
0.274
2.2
0.277
2.182
0.295
2.173
0.321
2.1630000000000003
0.339
2.126
0.332
2.136
0.366
2.105
0.381
2.086
0.4
2.071
0.403
2.067
0.426
2.036
0.421
2.0220000000000002
0.458
2.0100000000000002
0.466
1.997
0.47700000000000004
1.984
0.497
1.971
0.508
1.931
0.537
1.933
0.5690000000000001
1.932
0.5730000000000001
1.905
0.613
1.8800000000000001
0.593
1.863
0.622
1.869
0.633
1.833
0.679
1.797
0.6940000000000001
1.797
0.705
1.756
0.716
1.7590000000000001
0.722
1.714
0.748
1.735
0.745
1.685
0.79
1.696
0.809
1.653
0.805
1.681
0.84
1.647
0.835
1.61
0.867
1.588
0.9460000000000001
1.592
0.908
1.56
0.936
1.524
0.9420000000000001
1.539
0.9440000000000001
1.5250000000000001
0.993
1.488
1.0070000000000001
1.478
0.994
1.491
1.016
1.469
1.033
1.436
1.028
1.432
1.066
1.416
1.092
1.389
1.087
1.373
1.111
1.364
1.049
1.341
1.133
1.342
1.167
1.306
1.156
1.307
1.182
1.2590000000000001
1.211
1.248
1.203
1.23
1.224
1.236
1.236
1.23
1.27
1.175
1.295
1.173
1.32
1.185
1.332
1.141
1.346
1.12
1.358
1.125
1.387
1.095
1.314
1.096
1.415
1.072
1.42
1.058
1.422
1.014
1.455
1.0130000000000001
1.45
1.972
1.5050000000000001
0.9530000000000001
1.504
0.965
1.551
0.9460000000000001
1.544
0.9420000000000001
1.59
0.933
1.577
0.881
1.617
0.883
1.5290000000000001
0.8230000000000001
1.627
0.837
1.635
0.8210000000000001
1.689
0.785
1.672
0.793
1.709
0.779
1.736
0.771
1.731
0.749
1.768
0.763
1.778
0.704
1.7610000000000001
0.73
1.784
0.67
1.774
0.66
1.815
0.663
1.85
0.643
1.856
0.614
1.867
0.612
1.868
0.583
1.885
0.594
1.8940000000000001
0.579
1.905
0.537
1.9120000000000001
0.554
1.962
0.535
1.942
0.518
1.979
0.507
1.984
0.497
1.978
0.483
2.009
0.47600000000000003
2.017
0.447
2.023
0.432
2.023
0.431
2.078
0.433
2.066
0.381
2.063
0.369
2.092
0.362
2.102
0.395
2.1470000000000002
0.332
2.144
0.332
2.146
0.327
2.164
0.28500000000000003
2.197
0.314
2.178
0.372
2.186
0.28600000000000003
2.207
0.278
2.234
0.274
2.229
0.251
2.247
0.228
2.247
0.262
2.274
0.2
2.294
0.19
2.297
0.197
2.293
0.186
2.302
0.169
2.326
0.19
2.307
0.17
2.329
0.153
2.344
0.164
2.345
0.16
2.334
0.109
2.361
0.127
2.353
0.126
2.38
0.10300000000000001
2.365
0.107
2.399
0.08700000000000001
2.3810000000000002
0.105
2.39
0.059000000000000004
2.41
0.059000000000000004
2.416
0.055
2.418
0.047
2.423
0.078
2.435
0.044
2.439
0.04
2.461
0.024
2.436
0.03
2.454
0.036000000000000004
2.465
0.048
2.431
0.038
2.471
0.027
2.482
0.018000000000000002
2.494
0.012
2.465
0.0
2.465
0.003
2.49
0.013000000000000001
2.491
0.0
2.492
0.0
2.494
0.005
2.503
0.018000000000000002
2.486
0.0
2.494
0.012
2.503
0.006
2.5020000000000002
0.0
2.5100000000000002
0.0
2.487
0.0
2.497
0.0
2.5
0.0
2.5020000000000002
0.001
2.523
0.0
2.484
0.0
2.494
0.016
2.484
0.008
2.475
0.0
2.481
0.005
2.49
0.0
2.484
0.0
2.5
0.0
2.503
0.004
2.471
0.012
2.47
0.0
2.484
0.0
2.478
0.016
2.461
0.024
2.461
0.017
2.442
0.012
2.455
0.043000000000000003
2.446
0.041
2.44
0.048
2.447
0.016
2.436
0.038
2.43
0.082
2.418
0.067
2.436
0.063
2.418
0.043000000000000003
2.4130000000000003
0.074
2.42
0.081
2.423
0.081
2.394
0.094
2.39
0.106
2.361
0.091
2.371
0.12
2.384
0.128
2.339
0.11
2.378
0.14200000000000002
2.339
0.11900000000000001
2.332
0.14100000000000001
2.336
0.163
2.316
0.188
2.295
0.177
2.303
0.181
2.289
0.2
2.271
0.209
2.27
0.221
2.246
0.227
2.257
0.242
2.23
0.267
2.247
0.278
2.202
0.265
2.212
0.279
2.204
0.28300000000000003
2.174
0.226
2.187
0.327
2.144
0.341
2.148
0.34800000000000003
2.144
0.353
2.121
0.375
2.102
0.401
2.091
0.436
2.081
0.423
2.079
0.442
2.053
0.439
2.054
0.47700000000000004
2.0
0.467
1.996
0.41300000000000003
1.997
0.508
1.983
0.508
1.95
0.526
1.929
0.545
1.911
0.5710000000000001
1.905
0.5700000000000001
1.976
0.589
1.8880000000000001
0.631
1.8860000000000001
0.653
1.865
0.619
1.833
0.647
1.817
0.668
1.818
0.669
1.796
0.713
1.7570000000000001
0.713
1.772
0.714
1.7650000000000001
0.732
1.734
0.766
1.73
0.779
1.693
0.778
1.693
0.785
1.681
0.805
1.668
0.8250000000000001
1.657
0.838
1.623
0.849
1.609
0.881
1.601
0.874
1.606
0.887
1.577
0.896
1.561
0.914
1.578
0.925
1.539
0.934
1.543
0.0
1.52
0.979
1.498
1.008
1.475
0.992
1.471
1.0170000000000001
1.438
1.066
1.436
1.042
1.428
1.053
1.4020000000000001
1.098
1.3980000000000001
1.091
1.371
1.116
1.3780000000000001
1.145
1.375
1.1400000000000001
1.349
1.168
1.294
1.153
1.3780000000000001
1.182
1.285
1.188
1.254
1.222
1.2770000000000001
1.235
1.264
1.2550000000000001
1.229
1.2650000000000001
1.233
1.293
1.223
1.298
1.287
1.336
1.181
1.346
1.157
1.322
1.151
1.344
1.149
1.372
1.114
1.377
1.104
1.412
1.071
1.423
1.063
1.445
1.051
1.471
1.027
1.466
0.979
1.486
0.975
1.493
0.9500000000000001
1.5170000000000001
0.925
1.5310000000000001
0.9410000000000001
1.544
0.911
1.569
0.908
1.604
0.89
1.623
0.843
1.6480000000000001
0.851
1.657
0.8170000000000001
1.6600000000000001
0.79
1.655
0.8160000000000001
1.72
0.765
1.741
0.768
1.716
0.759
1.73
0.705
1.7810000000000001
0.7030000000000001
1.802
0.682
1.778
0.684
1.805
0.66
1.823
0.637
1.838
0.641
1.874
0.629
1.847
0.619
1.852
0.604
1.8800000000000001
0.591
1.905
0.5660000000000001
1.913
0.547
1.93
0.556
1.931
0.534
1.959
0.512
1.951
0.506
1.971
0.534
1.971
0.516
1.984
0.486
2.017
0.501
2.025
0.495
2.017
0.453
2.047
0.43
2.0460000000000003
0.441
2.079
0.435
2.067
0.428
2.087
0.403
2.079
0.373
2.088
0.371
2.108
0.34900000000000003
2.133
0.353
2.14
0.364
2.142
0.319
2.154
0.332
2.165
0.328
2.184
0.312
2.1750000000000003
0.28600000000000003
2.178
0.27
2.176
0.261
2.192
0.275
2.214
0.27
2.21
0.244
2.249
0.232
2.249
0.232
2.2600000000000002
0.246
2.2520000000000002
0.20700000000000002
2.2600000000000002
0.212
2.255
0.199
2.286
0.21
2.308
0.213
2.314
0.166
2.316
0.168
2.332
0.168
2.32
0.154
2.3000000000000003
0.15
2.345
0.123
2.355
0.146
2.357
0.137
2.341
0.109
2.365
0.10300000000000001
2.371
0.126
2.371
0.092
2.384
0.083
2.3850000000000002
0.12
2.402
0.10400000000000001
2.386
0.093
2.3970000000000002
0.085
2.46
0.083
2.423
0.064
2.4050000000000002
0.079
2.403
0.057
2.444
0.052000000000000005
2.448
0.052000000000000005
2.441
0.024
2.445
0.044
2.455
0.045
2.457
0.02
2.47
0.011
2.465
0.026000000000000002
2.46
0.02
2.461
0.016
2.476
0.021
2.473
0.019
2.496
0.004
2.482
0.0
2.482
0.0
2.473
0.012
2.497
0.0
2.476
0.009000000000000001
2.516
0.016
2.469
0.014
2.411
0.007
2.414
0.003
2.494
0.0
2.484
0.0
2.476
0.0
2.492
0.0
2.497
0.003
2.494
0.0
2.486
0.007
2.495
0.0
2.495
0.0
2.5100000000000002
0.002
2.457
0.0
2.487
0.0
2.498
0.0
2.474
0.0
2.485
0.0
2.493
0.01
2.464
0.02
2.489
0.019
2.465
0.015
2.486
0.0
2.466
0.016
2.458
0.025
2.428
0.02
2.442
0.033
2.465
0.025
2.447
0.043000000000000003
2.4290000000000003
0.026000000000000002
2.436
0.049
2.457
0.041
2.432
0.067
2.411
0.074
2.42
0.053
2.4130000000000003
0.06
2.403
0.088
2.395
0.08
2.416
0.08700000000000001
2.394
0.016
2.3810000000000002
0.07100000000000001
2.387
0.085
2.379
0.09
2.353
0.116
2.357
0.115
2.355
0.138
2.345
0.124
2.349
0.11800000000000001
2.325
0.164
2.328
0.169
2.339
0.15
2.336
0.17200000000000001
2.32
0.191
2.318
0.166
2.289
0.179
2.307
0.192
2.286
0.196
2.265
0.195
2.255
0.203
2.258
0.20700000000000002
2.241
0.23600000000000002
2.255
0.255
2.2520000000000002
0.259
2.181
0.273
2.21
0.28400000000000003
2.209
0.314
2.211
0.292
2.2
0.298
2.176
0.326
2.17
0.335
2.149
0.332
2.12
0.35000000000000003
2.123
0.379
2.095
0.383
2.097
0.41600000000000004
2.08
0.419
2.049
0.421
2.061
0.448
2.036
0.445
2.035
0.47700000000000004
1.999
0.47500000000000003
2.0
0.489
1.981
0.498
1.965
0.526
1.995
0.537
1.95
0.535
1.955
0.54
1.921
0.531
1.925
0.588
1.889
0.605
1.9120000000000001
0.609
1.873
0.58
1.8800000000000001
0.625
1.849
0.646
1.829
0.639
1.849
0.672
1.82
0.676
1.819
0.684
1.881
0.7000000000000001
1.7570000000000001
0.713
1.7570000000000001
0.718
1.725
0.75
1.728
0.768
1.698
0.775
1.678
0.786
1.704
0.8210000000000001
1.688
0.846
1.67
0.8170000000000001
1.686
0.8220000000000001
1.657
0.864
1.617
0.867
1.623
0.888
1.598
0.882
1.581
0.925
1.57
0.917
1.569
0.911
1.549
0.933
1.5090000000000001
0.9530000000000001
1.5010000000000001
0.971
1.491
0.983
1.46
0.989
1.452
1.022
1.452
1.0190000000000001
1.423
1.026
1.42
1.054
1.403
1.054
1.385
1.078
1.407
1.089
1.3820000000000001
1.111
1.357
1.119
1.343
1.133
1.324
1.141
1.326
1.141
1.32
1.189
1.298
1.101
1.291
1.191
1.2510000000000001
1.224
1.225
1.249
1.226
1.239
1.195
1.2630000000000001
1.199
1.283
1.188
1.307
1.177
1.307
1.133
1.317
1.1360000000000001
1.349
1.1400000000000001
1.365
1.117
1.3900000000000001
1.087
1.426
1.066
1.431
1.046
1.457
1.018
1.481
1.008
1.469
1.016
1.494
0.984
1.494
0.992
1.5130000000000001
0.963
1.552
0.925
1.557
0.916
1.562
0.885
1.583
0.908
1.582
0.893
1.606
0.855
1.598
0.862
1.6320000000000001
0.84
1.6460000000000001
0.857
1.659
0.788
1.701
0.806
1.699
0.786
1.714
0.745
1.7650000000000001
0.763
1.739
0.761
1.735
0.735
1.7670000000000001
0.708
1.7670000000000001
0.6920000000000001
1.7810000000000001
0.6980000000000001
1.814
0.687
1.726
0.663
1.833
0.666
1.836
0.63
1.843
0.624
1.855
0.624
1.8960000000000001
0.598
1.897
0.614
1.907
0.56
1.924
0.5630000000000001
1.939
0.543
1.96
0.502
1.917
0.502
1.994
0.525
1.99
0.483
2.009
0.464
2.029
0.46
2.0060000000000002
0.448
2.039
0.47200000000000003
2.031
0.424
2.067
0.44
2.075
0.43
2.061
0.403
2.103
0.392
2.099
0.382
2.115
0.337
2.104
0.329
2.1310000000000002
0.328
2.1750000000000003
0.313
2.179
0.317
2.173
0.312
2.208
0.315
2.216
0.295
2.221
0.257
2.223
0.271
2.223
0.261
2.2520000000000002
0.23700000000000002
2.236
0.232
2.229
0.23700000000000002
2.262
0.193
2.2680000000000002
0.227
2.287
0.234
2.271
0.209
2.286
0.19
2.281
0.182
2.295
0.17400000000000002
2.302
0.196
2.287
0.193
2.303
0.147
2.312
0.156
2.337
0.157
2.341
0.161
2.336
0.137
2.344
0.122
2.35
0.116
2.371
0.124
2.383
0.114
2.395
0.105
2.386
0.096
2.3810000000000002
0.066
2.42
0.07100000000000001
2.437
0.065
2.332
0.07
2.4210000000000003
0.051000000000000004
2.408
0.045
2.432
0.029
2.4290000000000003
0.041
2.455
0.044
2.436
0.024
2.458
0.042
2.46
0.016
2.453
0.03
2.479
0.019
2.44
0.031
2.458
0.015
2.481
0.0
2.476
0.0
2.479
0.008
2.493
0.0
2.468
0.009000000000000001
2.478
0.0
2.498
0.0
2.476
0.0
2.478
0.009000000000000001
2.507
0.0
2.497
0.0
2.579
0.0
2.511
0.0
2.482
0.0
2.492
0.006
2.508
0.0
2.503
0.0
2.492
0.004
2.503
0.0
2.5020000000000002
0.0
2.478
0.004
2.467
0.007
2.473
0.0
2.482
0.0
2.481
0.0
2.478
0.0
2.474
0.003
2.468
0.004
2.482
0.0
2.486
0.027
2.484
0.033
2.465
0.023
2.46
0.0
2.46
0.008
2.449
0.003
2.453
0.016
2.445
0.027
2.453
0.029
2.459
0.021
2.436
0.048
2.434
0.064
2.455
0.029
2.444
0.058
2.418
0.051000000000000004
2.442
0.069
2.407
0.078
2.441
0.034
2.441
0.07
2.435
0.079
2.399
0.064
2.387
0.081
2.382
0.001
2.3930000000000002
0.079
2.383
0.074
2.382
0.091
2.361
0.109
2.358
0.11900000000000001
2.368
0.114
2.361
0.129
2.361
0.153
2.345
0.14300000000000002
2.324
0.157
2.338
0.178
2.332
0.181
2.313
0.179
2.291
0.191
2.368
0.211
2.29
0.196
2.281
0.209
2.278
0.218
2.289
0.252
2.243
0.257
2.226
0.271
2.223
0.261
2.221
0.272
2.189
0.273
2.204
0.298
2.18
0.29
2.183
0.336
2.168
0.328
2.1390000000000002
0.336
2.166
0.367
2.107
0.34600000000000003
2.123
0.39
2.107
0.41500000000000004
2.094
0.395
2.071
0.425
2.076
0.446
2.0460000000000003
0.437
2.0220000000000002
0.466
2.0020000000000002
0.46
2.02
0.487
1.994
0.51
1.992
0.497
1.946
0.539
1.969
0.547
1.933
0.56
1.921
0.5640000000000001
1.999
0.587
1.8760000000000001
0.583
1.887
0.636
1.865
0.63
1.834
0.6900000000000001
1.813
0.6890000000000001
1.778
0.677
1.7750000000000001
0.73
1.7810000000000001
0.73
1.745
0.745
1.73
0.757
1.715
0.778
1.705
0.812
1.6560000000000001
0.8300000000000001
1.617
0.8260000000000001
1.635
0.868
1.594
0.88
1.601
0.8250000000000001
1.559
0.921
1.546
0.927
1.549
0.965
1.514
0.904
1.506
0.9
1.494
1.008
1.438
1.05
1.422
1.045
1.411
1.042
1.409
1.062
1.381
1.108
1.357
1.099
1.3820000000000001
1.145
1.349
1.162
1.319
1.174
1.319
1.1400000000000001
1.315
1.162
1.305
1.201
1.286
1.199
1.287
1.243
1.245
1.229
1.246
1.254
1.2530000000000001
1.266
1.225
1.286
1.216
1.29
1.209
1.306
1.163
1.333
1.151
1.335
1.165
1.338
1.124
1.365
1.1300000000000001
1.375
1.124
1.364
1.1
1.401
1.071
1.395
1.07
1.3980000000000001
1.034
1.468
1.016
1.481
1.04
1.462
1.0110000000000001
1.502
0.986
1.484
1.006
1.5070000000000001
0.985
1.5290000000000001
0.9570000000000001
1.5350000000000001
0.933
1.591
0.9430000000000001
1.58
0.9
1.563
0.897
1.577
0.871
1.574
0.884
1.602
0.88
1.631
0.88
1.6440000000000001
0.85
1.6520000000000001
0.8180000000000001
1.665
0.807
1.672
0.796
1.694
0.774
1.677
0.794
1.735
0.754
1.739
0.721
1.743
0.726
1.77
0.791
1.784
0.711
1.815
0.678
1.788
0.677
1.802
0.671
1.825
0.659
1.839
0.63
1.8760000000000001
0.624
1.8840000000000001
0.611
1.8840000000000001
0.583
1.9100000000000001
0.599
1.92
0.5720000000000001
1.926
0.562
1.93
0.536
1.944
0.529
1.955
0.518
1.963
0.526
1.984
0.499
1.993
0.489
1.981
0.46900000000000003
2.0340000000000003
0.468
2.0260000000000002
0.46
2.039
0.444
2.068
0.427
2.073
0.418
2.067
0.393
2.073
0.395
2.107
0.377
2.106
0.34400000000000003
2.149
0.356
2.1350000000000002
0.37
2.128
0.34
2.158
0.334
2.152
0.304
2.165
0.315
2.173
0.309
2.198
0.303
2.207
0.292
2.215
0.28300000000000003
2.224
0.254
2.223
0.251
2.25
0.265
2.274
0.242
2.266
0.213
2.267
0.215
2.278
0.214
2.2960000000000003
0.203
2.3000000000000003
0.17
2.318
0.171
2.3000000000000003
0.146
2.303
0.149
2.319
0.162
2.332
0.147
2.329
0.147
2.335
0.125
2.358
0.117
2.371
0.125
2.371
0.101
2.387
0.099
2.395
0.092
2.403
0.093
2.4210000000000003
0.077
2.3890000000000002
0.079
2.402
0.08600000000000001
2.4130000000000003
0.029
2.398
0.045
2.431
0.045
2.42
0.051000000000000004
2.437
0.032
2.439
0.045
2.455
0.038
2.466
0.046
2.449
0.03
2.454
0.029
2.468
0.0
2.474
0.007
2.478
0.011
2.481
0.015
2.471
0.0
2.471
0.014
2.485
0.0
2.497
0.0
2.477
0.005
2.486
0.0
2.407
0.0
2.49
0.0
2.471
0.005
2.501
0.0
2.5020000000000002
0.0
2.505
0.0
2.484
0.0
2.487
0.0
2.487
0.013000000000000001
2.594
0.01
2.49
0.003
2.498
0.006
2.503
0.0
2.511
0.0
2.484
0.001
2.489
0.0
2.503
0.019
2.507
0.012
2.479
0.006
2.503
0.0
2.505
0.002
2.497
0.0
2.489
0.0
2.457
0.017
2.479
0.02
2.487
0.015
2.555
0.02
2.457
0.01
2.45
0.0
2.476
0.01
2.465
0.015
2.474
0.03
2.447
0.043000000000000003
2.478
0.074
2.457
0.04
2.428
0.041
2.45
0.058
2.428
0.04
2.427
0.049
2.439
0.057
2.402
0.067
2.403
0.091
2.384
0.075
2.4
0.08700000000000001
2.374
0.115
2.399
0.126
2.386
0.121
2.354
0.114
2.365
0.114
2.368
0.14100000000000001
2.349
0.16
2.333
0.153
2.328
0.158
2.333
0.17
2.328
0.154
2.305
0.167
2.32
0.178
2.315
0.209
2.32
0.203
2.2840000000000003
0.19
2.266
0.223
2.262
0.225
2.258
0.214
2.25
0.255
2.266
0.228
2.249
0.254
2.236
0.247
2.224
0.24
2.203
0.28700000000000003
2.189
0.276
2.189
0.32
2.194
0.281
2.16
0.337
2.17
0.327
2.1390000000000002
0.315
2.132
0.338
2.154
0.332
2.1430000000000002
0.366
2.112
0.379
2.12
0.387
2.089
0.381
2.104
0.405
2.068
0.40900000000000003
2.058
0.42
2.086
0.429
2.0220000000000002
0.431
2.05
0.46900000000000003
2.0100000000000002
0.47000000000000003
2.0020000000000002
0.484
2.003
0.47900000000000004
2.005
0.495
1.974
0.52
1.95
0.517
1.962
0.514
1.959
0.537
1.933
0.532
1.938
0.5650000000000001
1.917
0.579
1.8920000000000001
0.597
1.9000000000000001
0.533
1.862
0.594
1.8780000000000001
0.603
1.847
0.611
1.852
0.631
1.848
0.667
1.823
0.659
1.822
0.654
1.806
0.67
1.786
0.6910000000000001
1.802
0.7000000000000001
1.794
0.725
1.7550000000000001
0.721
1.7550000000000001
0.714
1.738
0.755
1.735
0.747
1.731
0.788
1.698
0.796
1.68
0.788
1.689
0.8300000000000001
1.672
0.843
1.6540000000000001
0.835
1.633
0.855
1.6440000000000001
0.851
1.613
0.892
1.615
0.891
1.602
0.904
1.589
0.93
1.578
0.909
1.53
0.9500000000000001
1.53
0.9480000000000001
1.488
0.9470000000000001
1.5130000000000001
0.901
1.498
0.968
1.498
0.991
1.478
1.0170000000000001
1.462
1.05
1.464
1.048
1.452
1.016
1.446
1.058
1.4060000000000001
1.062
1.435
1.079
1.485
1.077
1.3880000000000001
1.104
1.37
1.016
1.369
1.137
1.358
1.147
1.327
1.162
1.324
1.196
1.295
1.198
1.306
1.205
1.278
1.203
1.2750000000000001
1.229
1.286
1.2550000000000001
1.239
1.248
1.225
1.288
1.211
1.274
1.221
1.3
1.194
1.301
1.189
1.298
1.1480000000000001
1.317
1.174
1.335
1.154
1.364
1.1380000000000001
1.375
1.124
1.3860000000000001
1.133
1.3760000000000001
1.106
1.407
1.072
1.417
1.057
1.436
1.046
1.414
1.045
1.433
1.0030000000000001
1.47
1.01
1.472
0.992
1.5070000000000001
0.9480000000000001
1.51
0.982
1.5230000000000001
0.932
1.5190000000000001
0.9460000000000001
1.55
0.93
1.5350000000000001
0.911
1.56
0.901
1.577
0.874
1.607
0.875
1.651
0.875
1.623
0.862
1.643
0.8210000000000001
1.672
0.837
1.663
0.8240000000000001
1.667
0.782
1.6640000000000001
0.776
1.692
0.77
1.739
0.743
1.728
0.718
1.722
0.741
1.76
0.729
1.78
0.6990000000000001
1.804
0.673
1.794
0.679
1.813
0.656
1.82
0.664
1.817
0.666
1.846
0.631
1.86
0.61
1.86
0.616
1.852
0.605
1.8880000000000001
0.614
1.8840000000000001
0.594
1.915
0.588
1.93
0.554
1.931
0.56
1.963
0.533
1.962
0.514
1.963
0.518
1.991
0.482
1.991
0.485
1.989
0.46900000000000003
2.013
0.462
2.0460000000000003
0.444
2.075
0.417
2.039
0.435
2.062
0.40800000000000003
2.078
0.398
2.082
0.41200000000000003
2.107
0.398
2.083
0.371
2.105
0.367
2.1390000000000002
0.361
2.129
0.342
2.138
0.331
2.162
0.314
2.1630000000000003
0.315
2.154
0.325
2.1630000000000003
0.327
2.176
0.381
2.165
0.28
2.205
0.301
2.199
0.301
2.1
0.277
2.194
0.28300000000000003
2.195
0.24
2.207
0.269
2.242
0.255
2.228
0.255
2.2520000000000002
0.23600000000000002
2.239
0.216
2.248
0.218
2.278
0.232
2.274
0.211
2.279
0.196
2.316
0.178
2.2760000000000002
0.183
2.299
0.188
2.315
0.166
2.326
0.169
2.31
0.177
2.338
0.167
2.332
0.14100000000000001
2.355
0.14
2.323
0.136
2.363
0.14400000000000002
2.335
0.138
2.37
0.133
2.382
0.083
2.384
0.10300000000000001
2.399
0.11
2.382
0.10200000000000001
2.4
0.10300000000000001
2.39
0.074
2.415
0.075
2.434
0.049
2.437
0.057
2.436
0.045
2.418
0.052000000000000005
2.445
0.027
2.437
0.048
2.4210000000000003
0.025
2.465
0.064
2.439
0.013000000000000001
2.453
0.026000000000000002
2.471
0.007
2.476
0.016
2.449
0.012
2.474
0.018000000000000002
2.478
0.022
2.481
0.004
2.463
0.02
2.458
0.021
2.474
0.022
2.479
0.0
2.465
0.008
2.478
0.029
2.465
0.016
2.484
0.001
2.494
0.0
2.505
0.001
2.471
0.0
2.495
0.0
2.49
0.0
2.505
0.004
2.468
0.0
2.481
0.003
2.5
0.0
2.49
0.0
2.503
0.0
2.507
0.0
2.481
0.017
2.495
0.0
2.489
0.0
2.487
0.003
2.482
0.0
2.482
0.0
2.482
0.0
2.5020000000000002
0.0
2.495
0.0
2.487
0.002
2.5
0.002
2.487
0.0
2.478
0.0
2.494
0.016
2.5020000000000002
0.0
2.503
0.0
2.492
0.001
2.474
0.002
2.461
0.0
2.481
0.018000000000000002
2.489
0.0
2.468
0.005
2.486
0.016
2.517
0.0
2.466
0.008
2.455
0.019
2.481
0.028
2.468
0.029
2.461
0.004
2.445
0.011
2.479
0.025
2.465
0.028
2.461
0.038
2.448
0.033
2.437
0.031
2.449
0.018000000000000002
2.45
0.027
2.449
0.053
2.433
0.058
2.426
0.061
2.441
0.06
2.428
0.074
2.399
0.081
2.441
0.057
2.428
0.082
2.403
0.07
2.4090000000000003
0.109
2.403
0.09
2.384
0.106
2.37
0.116
2.371
0.109
2.4
0.114
2.382
0.11800000000000001
2.354
0.14100000000000001
2.341
0.128
2.361
0.14100000000000001
2.355
0.136
2.349
0.156
2.332
0.159
2.323
0.132
2.339
0.151
2.306
0.164
2.308
0.152
2.312
0.168
2.207
0.186
2.307
0.195
2.2760000000000002
0.193
2.278
0.29
2.291
0.24
2.27
0.228
2.248
0.223
2.274
0.209
2.242
0.196
2.2520000000000002
0.229
2.238
0.269
2.212
0.256
2.221
0.253
2.199
0.271
2.199
0.31
2.186
0.281
2.191
0.319
2.187
0.214
2.178
0.316
2.134
0.33
2.144
0.329
2.126
0.365
2.11
0.377
2.126
0.35000000000000003
2.118
0.394
2.079
0.394
2.094
0.324
2.067
0.398
2.065
0.398
2.063
0.445
2.033
0.418
2.073
0.444
2.0380000000000003
0.441
2.0340000000000003
0.47400000000000003
2.025
0.46900000000000003
2.0100000000000002
0.46900000000000003
1.999
0.494
2.02
0.503
1.978
0.493
1.978
0.49
1.963
0.523
1.966
0.531
1.944
0.552
1.938
0.539
1.917
0.5720000000000001
1.915
0.556
1.8880000000000001
0.601
1.917
0.591
1.8940000000000001
0.585
1.8780000000000001
0.61
1.8840000000000001
0.623
1.879
0.633
1.855
0.646
1.836
0.644
1.817
0.658
1.815
0.638
1.799
0.68
1.822
0.7030000000000001
1.7830000000000001
0.711
1.772
0.6930000000000001
1.768
0.727
1.7550000000000001
0.751
1.744
0.772
1.735
0.755
1.72
0.792
1.71
0.785
1.687
0.792
1.697
0.798
1.672
0.798
1.67
0.8300000000000001
1.668
0.848
1.668
0.859
1.631
0.875
1.614
0.868
1.627
0.86
1.598
0.906
1.588
0.911
1.58
0.888
1.554
0.92
1.566
0.9390000000000001
1.539
0.9550000000000001
1.56
0.961
1.51
0.966
1.543
0.904
1.528
0.993
1.5090000000000001
0.0
1.454
1.024
1.489
1.0190000000000001
1.475
1.008
1.464
1.014
1.462
1.014
1.436
1.058
1.427
1.051
1.43
1.058
1.417
1.096
1.4040000000000001
1.112
1.3780000000000001
1.12
1.3920000000000001
1.112
1.362
1.155
1.366
1.137
1.353
1.165
1.331
1.1500000000000001
1.339
1.151
1.306
1.183
1.314
1.191
1.312
1.19
1.298
1.211
1.264
1.217
1.29
1.235
1.2530000000000001
1.211
1.236
1.233
1.2550000000000001
1.246
1.23
1.249
1.21
1.2650000000000001
1.237
1.282
1.187
1.2730000000000001
1.213
1.272
1.175
1.306
1.27
1.314
1.151
1.296
1.143
1.332
1.1380000000000001
1.357
1.141
1.362
1.12
1.357
1.127
1.385
1.1260000000000001
1.4060000000000001
1.104
1.414
1.075
1.435
1.056
1.443
1.041
1.446
1.004
1.459
1.0210000000000001
1.461
1.0130000000000001
1.472
1.075
1.5010000000000001
0.996
1.499
0.966
1.5150000000000001
0.9520000000000001
1.552
0.971
1.567
0.925
1.552
0.903
1.573
0.916
1.622
0.895
1.618
0.88
1.606
0.88
1.6320000000000001
0.855
1.6320000000000001
0.853
1.678
0.8220000000000001
1.685
0.806
1.701
0.803
1.693
0.777
1.715
0.752
1.726
0.768
1.707
0.769
1.747
0.734
1.7530000000000001
0.716
1.7750000000000001
0.718
1.7750000000000001
0.6960000000000001
1.804
0.686
1.796
0.674
1.797
0.66
1.815
0.659
1.844
0.64
1.857
0.63
1.8800000000000001
0.603
1.844
0.611
1.8840000000000001
0.595
1.816
0.581
1.8840000000000001
0.5710000000000001
1.921
0.59
1.913
0.561
1.909
0.545
1.952
0.56
1.959
0.531
1.967
0.515
1.948
0.527
1.988
0.508
1.982
0.505
2.0100000000000002
0.496
2.0020000000000002
0.47000000000000003
1.993
0.46
2.016
0.46
2.031
0.464
2.0380000000000003
0.448
2.0340000000000003
0.427
2.036
0.438
2.065
0.40700000000000003
2.063
0.41400000000000003
2.077
0.404
2.113
0.385
2.125
0.369
2.105
0.365
2.1310000000000002
0.377
2.116
0.361
2.158
0.354
2.16
0.34400000000000003
2.1750000000000003
0.312
2.16
0.34
2.162
0.293
2.172
0.28400000000000003
2.215
0.28600000000000003
2.187
0.263
2.203
0.294
2.223
0.279
2.231
0.25
2.219
0.258
2.245
0.244
2.247
0.234
2.258
0.228
2.261
0.214
2.262
0.194
2.266
0.20800000000000002
2.294
0.212
2.2680000000000002
0.199
2.312
0.189
2.289
0.166
2.2920000000000003
0.191
2.286
0.159
2.316
0.165
2.329
0.17200000000000001
2.328
0.157
2.31
0.161
2.332
0.14300000000000002
2.344
0.126
2.355
0.14
2.344
0.133
2.345
0.107
2.343
0.14400000000000002
2.337
0.132
2.361
0.112
2.358
0.111
2.378
0.126
2.39
0.114
2.394
0.099
2.386
0.093
2.383
0.091
2.395
0.07
2.407
0.079
2.395
0.075
2.427
0.061
2.41
0.061
2.407
0.065
2.437
0.077
2.432
0.078
2.44
0.051000000000000004
2.447
0.049
2.432
0.045
2.454
0.058
2.432
0.035
2.423
0.034
2.447
0.051000000000000004
2.444
0.019
2.432
0.032
2.444
0.025
2.445
0.012
2.478
0.036000000000000004
2.481
0.005
2.453
0.033
2.46
0.019
2.477
0.021
2.493
0.001
2.468
0.0
2.465
0.01
2.494
0.0
2.494
0.003
2.487
0.011
2.49
0.0
2.509
0.007
2.481
0.0
2.492
0.0
2.482
0.017
2.468
0.0
2.516
0.0
2.5
0.0
2.487
0.0
2.508
0.0
2.494
0.012
2.463
0.0
2.478
0.0
2.491
0.0
2.497
0.0
2.496
0.003
2.476
0.013000000000000001
2.471
0.001
2.474
0.008
2.492
0.013000000000000001
2.489
0.004
2.481
0.008
2.481
0.0
2.484
0.002
2.45
0.007
2.474
0.022
2.444
0.036000000000000004
2.457
0.022
2.473
0.033
2.4290000000000003
0.025
2.444
0.031
2.436
0.054
2.426
0.058
2.437
0.049
2.436
0.062
2.336
0.051000000000000004
2.46
0.064
2.4290000000000003
0.091
2.403
0.088
2.3970000000000002
0.082
2.4050000000000002
0.089
2.423
0.097
2.3890000000000002
0.02
2.37
0.095
2.394
0.117
2.374
0.122
2.371
0.136
2.376
0.133
2.36
0.137
2.355
0.152
2.345
0.14300000000000002
2.318
0.14100000000000001
2.32
0.179
2.313
0.166
2.31
0.199
2.308
0.211
2.283
0.186
2.27
0.21
2.266
0.219
2.262
0.244
2.262
0.126
2.2520000000000002
0.267
2.213
0.289
2.225
0.28800000000000003
2.194
0.252
2.209
0.28800000000000003
2.21
0.312
2.16
0.291
2.1630000000000003
0.326
2.162
0.315
2.133
0.34400000000000003
2.133
0.34700000000000003
2.137
0.363
2.117
0.367
2.106
0.386
2.103
0.303
2.099
0.424
2.075
0.41000000000000003
2.079
0.40900000000000003
2.062
0.444
2.052
0.445
2.021
0.453
2.007
0.464
1.988
0.47800000000000004
1.971
0.537
1.984
0.535
1.967
0.505
1.95
0.5680000000000001
1.917
0.5640000000000001
1.981
0.5630000000000001
1.893
0.593
1.859
0.595
1.845
0.633
1.846
0.618
1.816
0.666
1.7830000000000001
0.667
1.778
0.704
1.758
0.719
1.747
0.631
1.741
0.749
1.717
0.804
1.7810000000000001
0.796
1.667
0.803
1.694
0.784
1.665
0.8260000000000001
1.639
0.838
1.647
0.837
1.596
0.873
1.596
0.884
1.573
0.919
1.544
0.9530000000000001
1.561
0.9500000000000001
1.549
0.9520000000000001
1.536
0.985
1.485
1.0030000000000001
1.486
0.995
1.494
1.04
1.454
1.046
1.427
1.054
1.3820000000000001
1.075
1.4000000000000001
1.12
1.365
1.1400000000000001
1.342
1.111
1.356
1.162
1.315
1.166
1.288
1.187
1.296
1.141
1.254
1.2570000000000001
1.234
1.246
1.231
1.285
1.221
1.312
1.196
1.235
1.154
1.362
1.155
1.373
1.141
1.3900000000000001
1.112
1.375
1.066
1.416
1.075
1.433
1.065
1.42
1.008
1.428
1.022
1.453
1.975
1.5230000000000001
0.987
1.536
0.9460000000000001
1.538
0.934
1.554
0.9460000000000001
1.564
0.908
1.58
0.885
1.598
0.888
1.633
0.871
1.6420000000000001
0.871
1.641
0.8250000000000001
1.643
0.808
1.6640000000000001
0.798
1.689
0.763
1.715
0.78
1.735
0.749
1.7670000000000001
0.754
1.762
0.7010000000000001
1.7730000000000001
0.791
1.807
0.658
1.803
0.659
1.858
0.639
1.841
0.639
1.867
0.635
1.873
0.6
1.868
0.5680000000000001
1.8920000000000001
0.5720000000000001
1.934
0.55
1.954
0.543
1.957
0.526
1.944
0.507
1.973
0.489
1.976
0.51
1.984
0.47200000000000003
2.005
0.488
2.02
0.46
2.017
0.451
2.041
0.428
2.065
0.434
2.045
0.40700000000000003
2.058
0.417
2.081
0.47500000000000003
2.118
0.384
2.093
0.378
2.126
0.381
2.129
0.356
2.121
0.352
2.1310000000000002
0.337
2.123
0.322
2.1750000000000003
0.291
2.162
0.317
2.194
0.295
2.212
0.258
2.191
0.25
2.231
0.243
2.224
0.23800000000000002
2.242
0.257
2.2520000000000002
0.23600000000000002
2.248
0.211
2.2680000000000002
0.232
2.2640000000000002
0.183
2.262
0.213
2.298
0.20400000000000001
2.274
0.169
2.313
0.194
2.302
0.17500000000000002
2.307
0.156
2.302
0.145
2.347
0.146
2.309
0.127
2.345
0.14100000000000001
2.376
0.14200000000000002
2.367
0.134
2.387
0.096
2.365
0.116
2.366
0.10400000000000001
2.416
0.101
2.386
0.073
2.3810000000000002
0.08700000000000001
2.416
0.078
2.4130000000000003
0.058
2.395
0.08600000000000001
2.392
0.047
2.415
0.054
2.444
0.028
2.412
0.043000000000000003
2.42
0.062
2.445
0.055
2.433
0.025
2.458
0.051000000000000004
2.455
0.021
2.465
0.02
2.471
0.043000000000000003
2.458
0.011
2.44
0.015
2.479
0.009000000000000001
2.461
0.023
2.466
0.02
2.473
0.016
2.466
0.0
2.487
0.009000000000000001
2.473
0.006
2.483
0.01
2.481
0.001
2.497
0.0
2.457
0.004
2.5020000000000002
0.0
2.489
0.0
2.49
0.006
2.507
0.009000000000000001
2.478
0.024
2.407
0.001
2.482
0.0
2.49
0.006
2.494
0.006
2.507
0.0
2.5020000000000002
0.006
2.461
0.0
2.495
0.0
2.461
0.014
2.492
0.035
2.453
0.003
2.465
0.008
2.499
0.001
2.485
0.02
2.471
0.0
2.484
0.016
2.48
0.029
2.469
0.024
2.474
0.029
2.455
0.04
2.471
0.022
2.444
0.045
2.461
0.036000000000000004
2.427
0.037
2.418
0.059000000000000004
2.432
0.061
2.415
0.058
2.431
0.07100000000000001
2.439
0.066
2.4130000000000003
0.045
2.403
0.065
2.392
0.07100000000000001
2.426
0.085
2.403
0.09
2.4290000000000003
0.10300000000000001
2.384
0.109
2.395
0.116
2.348
0.124
2.353
0.121
2.367
0.11
2.363
0.132
2.336
0.116
2.361
0.131
2.335
0.149
2.341
0.168
2.338
0.149
2.31
0.181
2.332
0.19
2.297
0.186
2.303
0.18
2.273
0.20600000000000002
2.2720000000000002
0.20700000000000002
2.273
0.215
2.258
0.217
2.2680000000000002
0.228
2.226
0.227
2.238
0.261
2.216
0.264
2.208
0.26
2.197
0.278
2.283
0.306
2.184
0.31
2.141
0.311
2.144
0.352
2.1310000000000002
0.327
2.114
0.365
2.119
0.343
2.1
0.383
2.079
0.403
2.087
0.41200000000000003
2.053
0.435
2.048
0.438
2.05
0.444
2.029
0.45
2.02
0.47200000000000003
1.984
0.507
1.996
0.491
2.013
0.497
1.997
0.534
1.939
0.526
1.958
0.531
1.941
0.553
1.921
0.609
1.917
0.577
1.8860000000000001
0.595
1.8860000000000001
0.599
1.842
0.633
1.854
0.638
1.836
0.669
1.7910000000000001
0.672
1.813
0.7020000000000001
1.803
0.6880000000000001
1.7870000000000001
0.737
1.778
0.735
1.743
0.763
1.729
0.766
1.699
0.751
1.681
0.792
1.707
0.789
1.6620000000000001
0.838
1.682
0.8290000000000001
1.639
0.844
1.6280000000000001
0.863
1.6300000000000001
0.88
1.61
0.89
1.604
0.904
1.594
0.91