
0.431
0.034
0.088
0.581
1.365
2.071
2.455
2.4
1.907
1.1360000000000001
0.436
0.041
0.08700000000000001
0.577
1.335
2.067
2.473
2.371
1.8940000000000001
1.139
0.431
0.027
0.094
0.603
1.369
2.0420000000000003
2.463
2.411
1.891
1.125
0.41300000000000003
0.054
0.093
0.586
1.357
2.078
2.463
2.394
1.881
1.135
0.44
0.02
0.10300000000000001
0.5710000000000001
1.32
2.067
2.452
2.395
1.923
1.124
0.432
0.013000000000000001
0.09
0.601
1.341
2.062
2.463
2.386
1.909
1.149
0.437
0.038
0.066
0.597
1.349
2.039
2.461
2.403
1.891
1.154
0.438
0.007
0.078
0.59
1.328
2.06
2.476
2.382
1.9100000000000001
1.124
0.456
0.04
0.09
0.585
1.338
2.07
2.458
2.4010000000000002
1.9080000000000001
1.158
0.456
0.034
0.096
0.587
1.328
2.065
2.474
2.388
1.9020000000000001
1.154
0.406
0.028
0.078
0.577
1.322
2.029
2.452
2.395
1.9140000000000001
1.161
0.40700000000000003
0.016
0.097
0.5660000000000001
1.335
2.033
2.465
2.41
1.9020000000000001
1.165
0.441
0.024
0.073
0.589
1.334
2.0420000000000003
2.449
2.395
1.881
1.178
0.444
0.001
0.061
0.593
1.32
2.054
2.461
2.403
1.8
1.178
0.444
0.004
0.101
0.581
1.343
2.041
2.458
2.392
1.889
1.169
0.446
0.047
0.056
0.5700000000000001
1.312
2.0420000000000003
2.45
2.387
1.905
1.141
0.435
0.04
0.078
0.594
1.357
2.039
2.46
2.4130000000000003
1.9180000000000001
1.1480000000000001
0.427
0.041
0.07
0.578
1.328
2.036
2.465
2.392
1.917
1.141
0.422
0.046
0.063
0.589
1.34
2.036
2.455
2.394
1.8960000000000001
1.157
0.442
0.027
0.09
0.595
1.328
2.024
2.479
2.3890000000000002
1.9120000000000001
1.153
0.45
0.04
0.10200000000000001
0.5760000000000001
1.33
2.033
2.466
2.394
1.922
1.149
0.41000000000000003
0.033
0.077
0.59
1.307
2.069
2.461
2.4210000000000003
1.9180000000000001
1.179
0.456
0.042
0.098
0.58
1.329
2.052
2.44
2.395
1.922
1.166
0.458
0.001
0.06
0.5760000000000001
1.326
2.0180000000000002
2.466
2.415
1.9120000000000001
1.178
0.44
0.014
0.095
0.5720000000000001
1.317
2.0460000000000003
2.461
2.411
1.9060000000000001
1.155
0.46
0.036000000000000004
0.082
0.5740000000000001
1.309
2.044
2.447
2.423
1.899
1.19
0.445
0.009000000000000001
0.076
0.581
1.318
2.049
2.471
2.415
1.925
1.166
0.464
0.041
0.053
0.5760000000000001
1.297
2.041
2.439
2.426
1.941
1.201
0.465
0.016
0.091
0.562
1.332
2.031
2.431
2.424
1.913
1.191
0.47500000000000003
0.045
0.089
0.543
1.311
2.007
2.459
2.416
1.942
1.19
0.451
0.041
0.064
0.56
1.286
2.023
2.432
2.428
1.928
1.185
0.46900000000000003
0.048
0.061
0.531
1.301
2.013
2.457
2.43
1.963
1.224
0.493
0.037
0.078
0.547
1.274
2.019
2.449
2.423
1.958
1.201
0.464
0.048
0.078
0.548
1.284
2.0100000000000002
2.432
2.4250000000000003
1.954
1.222
0.47100000000000003
0.053
0.074
0.5720000000000001
1.28
2.0
2.449
2.415
1.939
1.227
0.493
0.053
0.063
0.523
1.2570000000000001
1.976
2.444
2.434
1.944
1.206
0.466
0.03
0.07200000000000001
0.527
1.278
2.017
2.442
2.442
1.971
1.233
0.505
0.036000000000000004
0.077
0.521
1.247
1.973
2.449
2.419
1.968
1.225
0.51
0.053
0.07
0.51
1.256
1.967
2.431
2.42
1.989
1.236
0.518
0.038
0.041
0.494
1.243
1.962
2.423
2.458
1.972
1.249
0.505
0.051000000000000004
0.068
0.506
1.205
1.954
2.426
2.45
1.994
1.264
0.514
0.037
0.051000000000000004
0.516
1.236
1.955
2.408
2.436
1.99
1.232
0.527
0.07
0.058
0.505
1.224
1.941
2.415
2.432
2.004
1.2610000000000001
0.513
0.068
0.046
0.459
1.244
1.969
2.426
2.448
2.004
1.2510000000000001
0.514
0.069
0.054
0.503
1.218
1.938
2.44
2.458
1.984
1.2710000000000001
0.546
0.064
0.033
0.485
1.191
1.942
2.432
2.434
2.021
1.293
0.531
0.075
0.037
0.46
1.222
1.955
2.431
2.444
2.028
1.288
0.548
0.077
0.025
0.461
1.204
1.915
2.4250000000000003
2.436
2.029
1.307
0.542
0.068
0.053
0.47000000000000003
1.208
1.95
2.415
2.452
2.0100000000000002
1.256
0.543
0.077
0.02
0.464
1.185
1.946
2.411
2.449
2.007
1.311
0.5720000000000001
0.083
0.02
0.443
1.178
1.928
2.4130000000000003
2.463
2.041
1.291
0.536
0.08700000000000001
0.045
0.448
1.175
1.901
2.4
2.461
2.028
1.295
0.589
0.073
0.037
0.452
1.165
1.931
2.423
2.455
2.039
1.295
0.581
0.062
0.02
0.441
1.191
1.9180000000000001
2.419
2.455
2.0420000000000003
1.32
0.561
0.09
0.019
0.444
1.178
1.913
2.408
2.455
2.0380000000000003
1.34
0.577
0.069
0.022
0.446
1.158
1.8920000000000001
2.392
2.461
2.055
1.335
0.59
0.178
0.014
0.435
1.143
1.8780000000000001
2.407
2.466
2.058
1.349
0.606
0.095
0.045
0.424
1.1380000000000001
1.8880000000000001
2.371
2.471
2.075
1.353
0.614
0.097
0.028
0.40700000000000003
1.127
1.881
2.408
2.482
2.054
1.351
0.622
0.11
0.026000000000000002
0.405
1.111
1.883
2.4
2.468
2.075
1.391
0.635
0.095
0.026000000000000002
0.402
1.119
1.8880000000000001
2.384
2.479
2.101
1.363
0.623
0.08700000000000001
0.018000000000000002
0.403
1.088
1.847
2.3810000000000002
2.447
2.083
1.37
0.627
0.095
0.013000000000000001
0.40800000000000003
1.08
1.86
2.39
2.449
2.004
1.3780000000000001
0.627
0.099
0.0
0.374
1.08
1.841
2.371
2.484
2.096
1.427
0.653
0.124
0.012
0.388
1.095
1.857
2.353
2.458
2.122
1.413
0.635
0.128
0.038
0.394
1.087
1.838
2.364
2.493
2.108
1.418
0.634
0.124
0.009000000000000001
0.381
1.088
1.834
2.357
2.466
2.101
1.419
0.65
0.095
0.001
0.385
1.067
1.834
2.352
2.461
2.123
1.403
0.664
0.126
0.0
0.382
1.052
1.817
2.351
2.486
2.105
1.438
0.659
0.117
0.004
0.366
1.014
1.823
2.374
2.474
2.118
1.43
0.676
0.133
0.022
0.372
1.07
1.833
2.355
2.484
2.149
1.448
0.6890000000000001
0.116
0.007
0.367
1.058
1.825
2.37
2.486
2.118
1.448
0.706
0.122
0.019
0.371
1.0150000000000001
1.79
2.339
2.49
2.126
1.452
0.6970000000000001
0.128
0.0
0.334
1.028
1.813
2.341
2.49
2.149
1.452
0.684
0.126
0.016
0.361
1.029
1.79
2.334
2.468
2.129
1.449
0.6980000000000001
0.14100000000000001
0.0
0.33
1.026
1.807
2.339
2.489
2.137
1.477
0.6890000000000001
0.128
0.007
0.332
0.999
1.7650000000000001
2.329
2.495
2.1390000000000002
1.478
0.6910000000000001
0.138
0.0
0.332
0.998
1.7830000000000001
2.332
2.495
2.146
1.469
0.716
0.136
0.012
0.315
1.0190000000000001
1.764
2.334
2.482
2.156
1.473
0.7000000000000001
0.14
0.014
0.318
0.99
1.778
2.32
2.498
2.1710000000000003
1.477
0.6980000000000001
0.157
0.007
0.334
1.006
1.7670000000000001
2.343
2.492
2.149
1.488
0.716
0.166
0.002
0.311
0.989
1.778
2.324
2.468
2.154
1.475
0.735
0.161
0.0
0.342
0.998
1.772
2.334
2.496
2.158
1.5090000000000001
0.713
0.149
0.012
0.296
0.001
1.746
2.337
2.479
2.183
1.489
0.717
0.162
0.016
0.299
0.977
1.762
2.332
2.48
2.1750000000000003
1.481
0.724
0.169
0.0
0.291
0.96
1.719
2.31
2.497
2.165
1.5170000000000001
0.759
0.186
0.0
0.307
0.979
1.738
2.327
2.498
2.183
1.512
0.727
0.149
0.0
0.313
0.96
1.729
2.329
2.482
2.193
1.512
0.73
0.168
0.0
0.28600000000000003
0.961
1.744
2.307
2.473
2.1710000000000003
1.5010000000000001
0.767
0.157
0.0
0.323
0.9510000000000001
1.723
2.316
2.508
2.18
1.51
0.746
0.161
0.0
0.328
0.969
1.746
2.308
2.499
2.1750000000000003
1.543
0.759
0.179
0.0
0.305
0.9520000000000001
1.722
2.324
2.496
2.193
1.539
0.771
0.168
0.0
0.279
0.9390000000000001
1.714
2.313
2.478
2.191
1.5310000000000001
0.777
0.198
0.001
0.279
0.976
1.709
2.312
2.477
2.191
1.561
0.795
0.17300000000000001
0.008
0.294
0.9580000000000001
1.697
2.311
2.5
2.213
1.542
0.798
0.182
0.0
0.273
0.935
1.685
2.297
2.481
2.226
1.557
0.796
0.19
0.0
0.274
0.914
1.697
2.297
2.505
2.228
1.556
0.8210000000000001
0.211
0.0
0.269
0.901
1.6580000000000001
2.274
2.487
2.237
1.598
0.8160000000000001
0.20600000000000002
0.0
0.256
0.887
1.6560000000000001
2.2840000000000003
2.479
2.223
1.573
0.845
0.198
0.0
0.258
0.89
1.666
2.2760000000000002
2.494
2.245
1.598
0.837
0.232
0.0
0.249
0.887
1.641
2.2680000000000002
2.507
2.234
1.609
0.8300000000000001
0.209
0.001
0.232
0.859
1.6440000000000001
2.2760000000000002
2.482
2.258
1.603
0.834
0.228
0.001
0.243
0.847
1.6320000000000001
2.255
2.503
2.245
1.618
0.879
0.229
0.0
0.226
0.845
1.633
2.244
2.486
2.245
1.622
0.846
0.245
0.0
0.223
0.839
1.639
2.258
2.5020000000000002
2.247
1.623
0.851
0.249
0.0
0.223
0.861
1.6280000000000001
2.254
2.487
2.2640000000000002
1.6520000000000001
0.872
0.252
0.001
0.234
0.833
1.6340000000000001
2.239
2.507
2.249
1.649
0.884
0.232
0.007
0.225
0.846
1.606
2.237
2.505
2.278
1.6580000000000001
0.88
0.228
0.001
0.196
0.809
1.609
2.233
2.4010000000000002
2.2840000000000003
1.6640000000000001
0.87
0.23800000000000002
0.001
0.225
0.836
1.589
2.221
2.503
2.265
1.671
0.908
0.259
0.004
0.217
0.8170000000000001
1.593
2.226
2.48
2.286
1.674
0.892
0.248
0.0
0.213
0.8280000000000001
1.591
2.208
2.485
2.283
1.689
0.909
0.265
0.0
0.19
0.8290000000000001
1.59
2.231
2.493
2.294
1.688
0.902
0.256
0.0
0.202
0.809
1.591
2.218
2.5020000000000002
2.287
1.69
0.901
0.27
0.0
0.211
0.8190000000000001
1.572
2.229
2.468
2.297
1.673
0.911
0.255
0.0
0.189
0.784
1.589
2.212
2.495
2.287
1.673
0.914
0.263
0.008
0.2
0.802
1.583
2.23
2.495
2.303
1.696
0.905
0.258
0.0
0.20600000000000002
0.788
1.552
2.231
2.505
2.2920000000000003
1.684
0.93
0.261
0.0
0.179
0.714
1.557
2.221
2.486
2.294
1.702
0.933
0.266
0.0
0.187
0.769
1.559
2.2
2.497
2.289
1.706
0.919
0.269
0.003
0.187
0.782
1.556
2.216
2.5100000000000002
2.287
1.607
0.929
0.298
0.0
0.17200000000000001
0.78
1.5310000000000001
2.186
2.504
2.303
1.706
0.931
0.27
0.0
0.169
0.76
1.532
2.213
2.494
2.313
1.719
0.9460000000000001
0.269
0.0
0.17
0.788
1.536
2.216
2.479
2.297
1.713
0.9400000000000001
0.277
0.0
0.195
0.772
1.562
2.21
2.492
2.321
1.702
0.9580000000000001
0.295
0.0
0.197
0.787
1.546
2.205
2.492
2.316
1.702
0.9460000000000001
0.271
0.0
0.159
0.767
1.545
2.197
2.5
2.302
1.717
0.9590000000000001
0.265
0.0
0.177
0.777
1.539
2.194
2.471
2.318
1.704
0.923
0.3
0.0
0.17
0.774
1.552
2.187
2.49
2.316
1.722
0.9560000000000001
0.28600000000000003
0.004
0.161
0.778
1.556
2.204
2.471
2.305
1.683
0.925
0.273
0.0
0.167
0.762
1.546
2.2
2.486
2.294
1.712
0.9470000000000001
0.272
0.016
0.18
0.772
1.5350000000000001
2.215
2.4050000000000002
2.31
1.719
0.9380000000000001
0.28400000000000003
0.0
0.199
0.769
1.53
2.185
2.503
2.2920000000000003
1.712
0.9510000000000001
0.28500000000000003
0.009000000000000001
0.199
0.763
1.551
2.211
2.509
2.32
1.717
0.9420000000000001
0.292
0.0
0.188
0.788
1.562
2.209
2.515
2.318
1.722
0.9540000000000001
0.276
0.0
0.179
0.768
1.541
2.2
2.5100000000000002
2.321
1.707
0.964
0.278
0.0
0.17500000000000002
0.75
1.526
2.209
2.491
2.205
1.714
0.9450000000000001
0.298
0.006
0.17500000000000002
0.741
1.53
2.203
2.513
2.315
1.733
0.96
0.28600000000000003
0.02
0.171
0.766
1.5330000000000001
2.194
2.492
2.3000000000000003
1.728
0.971
0.303
0.0
0.186
0.738
1.52
2.184
2.503
2.303
1.731
0.9480000000000001
0.211
0.0
0.169
0.761
1.5090000000000001
2.17
2.476
2.313
1.7510000000000001
0.963
0.322
0.0
0.17
0.758
1.5170000000000001
2.165
2.478
2.323
1.746
0.983
0.292
0.007
0.166
0.729
1.512
2.205
2.468
2.291
1.7590000000000001
0.961
0.326
0.016
0.151
0.756
1.514
2.165
2.473
2.312
1.746
0.981
0.299
0.0
0.178
0.74
1.496
2.178
2.5
2.316
1.738
0.966
0.324
0.0
0.17
0.73
1.49
2.178
2.503
2.324
1.7730000000000001
0.975
0.325
0.006
0.166
0.729
1.5110000000000001
2.181
2.465
2.32
1.739
0.904
0.333
0.008
0.149
0.746
1.481
2.1550000000000002
2.497
2.316
1.7810000000000001
0.9550000000000001
0.323
0.0
0.15
0.738
1.477
2.173
2.418
2.327
1.7650000000000001
1.0030000000000001
0.312
0.01
0.139
0.71
1.477
2.1750000000000003
2.478
2.336
1.78
0.971
0.332
0.012
0.14100000000000001
0.723
1.482
2.152
2.474
2.32
1.772
0.985
0.305
0.0
0.135
0.6930000000000001
1.474
2.1710000000000003
2.484
2.352
1.762
1.0170000000000001
0.327
0.003
0.132
0.618
1.469
2.144
2.469
2.347
1.747
1.091
0.313
0.0
0.168
0.705
1.465
2.1390000000000002
2.481
2.344
1.778
1.02
0.326
0.008
0.151
0.6990000000000001
1.458
2.149
2.474
2.337
1.793
1.004
0.311
0.0
0.14
0.73
1.485
2.152
2.49
2.349
1.768
1.028
0.323
0.0
0.132
0.7000000000000001
1.478
2.132
2.497
2.352
1.7730000000000001
0.996
0.34800000000000003
0.0
0.153
0.684
1.477
2.13
2.505
2.345
1.799
1.054
0.334
0.0
0.156
0.685
1.472
2.129
2.484
2.343
1.7670000000000001
1.006
0.34900000000000003
0.009000000000000001
0.13
0.704
1.443
2.146
2.473
2.353
1.81
1.037
0.366
0.0
0.116
0.6890000000000001
1.461
2.1310000000000002
2.486
2.364
1.794
1.032
0.334
0.002
0.148
0.669
1.457
2.128
2.486
2.341
1.818
1.016
0.353
0.005
0.157
0.6930000000000001
1.443
2.118
2.452
2.332
1.804
1.037
0.329
0.0
0.14200000000000002
0.67
1.458
2.1470000000000002
2.473
2.35
1.811
1.038
0.372
0.027
0.138
0.685
1.447
2.133
2.492
2.361
1.788
1.054
0.34800000000000003
0.018000000000000002
0.145
0.6960000000000001
1.435
2.132
2.481
2.344
1.817
1.029
0.336
0.0
0.145
0.687
1.426
2.12
2.486
2.365
1.715
1.05
0.34400000000000003
0.0
0.117
0.676
1.457
2.126
2.458
2.37
1.818
1.024
0.341
0.025
0.101
0.645
1.457
2.12
2.466
2.358
1.807
1.056
0.365
0.0
0.14100000000000001
0.6950000000000001
1.449
2.116
2.478
2.37
1.808
1.041
0.36
0.0
0.11800000000000001
0.671
1.436
2.112
2.494
2.341
1.793
1.062
0.368
0.015
0.132
0.685
1.454
2.142
2.487
2.36
1.826
1.044
0.34500000000000003
0.02
0.116
0.685
1.445
2.109
2.49
2.358
1.833
1.05
0.342
0.01
0.137
0.666
1.436
2.115
2.49
2.349
1.804
1.036
0.368
0.0
0.096
0.684
1.44
2.126
2.474
2.361
1.822
1.046
0.34400000000000003
0.0
0.12
0.675
1.421
2.134
2.452
2.371
1.817
1.037
0.356
0.025
0.108
0.685
1.425
2.117
2.484
2.349
1.768
1.056
0.363
0.019
0.132
0.6910000000000001
1.449
2.136
2.45
2.376
1.817
1.043
0.364
0.029
0.117
0.682
1.443
2.136
2.481
2.37
1.843
1.062
0.35100000000000003
0.0
0.131
0.653
1.436
2.105
2.484
2.361
1.831
1.051
0.366
0.004
0.128
0.661
1.44
2.116
2.484
2.384
1.827
1.04
0.34900000000000003
0.019
0.112
0.642
1.433
2.1350000000000002
2.457
2.369
1.807
1.058
0.358
0.0
0.122
0.675
1.428
2.126
2.474
2.352
1.812
1.059
0.362
0.009000000000000001
0.109
0.641
1.422
2.112
2.465
2.35
1.848
1.081
0.374
0.019
0.08600000000000001
0.658
1.403
2.119
2.484
2.378
1.831
1.068
0.337
0.012
0.089
0.655
1.4060000000000001
2.113
2.469
2.39
1.852
1.085
0.392
0.004
0.09
0.66
1.3980000000000001
2.099
2.473
2.386
1.846
1.07
0.379
0.0
0.10300000000000001
0.628
1.414
2.112
2.494
2.386
1.846
1.079
0.39
0.029
0.116
0.626
1.407
2.092
2.474
2.384
1.862
1.091
0.379
0.02
0.111
0.625
1.411
2.094
2.478
2.366
1.833
1.104
0.388
0.046
0.107
0.651
1.418
2.104
2.487
2.407
1.864
1.096
0.405
0.02
0.125
0.615
1.3980000000000001
2.09
2.471
2.366
1.832
1.075
0.398
0.014
0.092
0.642
1.389
2.102
2.47
2.37
1.833
1.087
0.389
0.012
0.112
0.622
1.375
2.078
2.471
2.394
1.852
1.114
0.403
0.004
0.003
0.63
1.393
2.094
2.455
2.376
1.874
1.088
0.40700000000000003
0.016
0.10200000000000001
0.608
1.391
2.07
2.457
2.384
1.846
1.123
0.40700000000000003
0.011
0.10400000000000001
0.614
1.359
2.084
2.46
2.386
1.863
1.112
0.41500000000000004
0.032
0.082
0.639
1.3780000000000001
2.091
2.465
2.3810000000000002
1.8780000000000001
1.1260000000000001
0.423
0.001
0.091
0.62
1.375
2.065
2.466
2.379
1.86
1.117
0.425
0.013000000000000001
0.09
0.618
1.385
2.088
2.452
2.3970000000000002
1.867
1.108
0.41000000000000003
0.022
0.108
0.603
1.349
2.085
2.465
2.406
1.865
1.1320000000000001
0.43
0.011
0.097
0.603
1.349
2.057
2.464
2.415
1.8780000000000001
1.12
0.40700000000000003
0.016
0.091
0.614
1.359
2.051
2.457
2.398
1.8920000000000001
1.149
0.437
0.004
0.106
0.584
1.332
2.044
2.469
2.376
1.812
1.1300000000000001
0.439
0.0
0.095
0.5760000000000001
1.351
2.0340000000000003
2.471
2.411
1.9120000000000001
1.135
0.417
0.013000000000000001
0.076
0.5730000000000001
1.344
2.0340000000000003
2.452
2.39
1.9080000000000001
1.17
0.448
0.058
0.083
0.589
1.305
2.055
2.439
2.394
1.8940000000000001
1.1420000000000001
0.444
0.018000000000000002
0.094
0.5710000000000001
1.333
2.036
2.461
2.416
1.866
1.166
0.455
0.027
0.091
0.535
1.324
2.0180000000000002
2.457
2.402
1.9040000000000001
1.151
0.441
0.041
0.076
0.589
1.317
2.036
2.44
2.4130000000000003
1.9020000000000001
1.1480000000000001
0.428
0.011
0.074
0.546
1.324
2.044
2.455
2.423
1.907
1.166
0.432
0.02
0.095
0.618
1.322
2.0380000000000003
2.455
2.419
1.8920000000000001
1.177
0.434
0.02
0.08600000000000001
0.59
1.33
2.027
2.439
2.395
1.9160000000000001
1.157
0.452
0.038
0.112
0.5710000000000001
1.326
2.051
2.462
2.42
1.913
1.211
0.435
0.016
0.064
0.582
1.3
2.061
2.467
2.32
1.913
1.162
0.432
0.033
0.091
0.557
1.313
2.031
2.471
2.408
1.9060000000000001
1.177
0.43
0.019
0.063
0.557
1.343
2.029
2.457
2.387
1.921
1.153
0.457
0.0
0.099
0.557
1.301
2.02
2.447
2.41
1.917
1.169
0.459
0.038
0.091
0.558
1.395
2.049
2.442
2.426
1.907
1.166
0.438
0.036000000000000004
0.084
0.581
1.31
2.041
2.45
2.416
1.925
1.153
0.452
0.02
0.08
0.5720000000000001
1.317
2.0460000000000003
2.44
2.399
1.899
1.189
0.458
0.037
0.07
0.588
1.314
2.054
2.468
2.3970000000000002
1.927
1.168
0.431
0.012
0.094
0.546
1.309
2.019
2.449
2.415
1.917
1.156
0.433
0.037
0.059000000000000004
0.561
1.33
2.0220000000000002
2.442
2.395
1.941
1.188
0.456
0.037
0.07100000000000001
0.546
1.282
2.032
2.465
2.423
1.936
1.209
0.463
0.039
0.083
0.554
1.298
2.0180000000000002
2.47
2.306
1.939
1.163
0.464
0.039
0.08700000000000001
0.548
1.322
2.02
2.452
2.419
1.932
1.19
0.47000000000000003
0.045
0.088
0.5710000000000001
1.324
2.029
2.464
2.384
1.937
1.194
0.446
0.045
0.08700000000000001
0.543
1.289
2.013
2.43
2.423
1.93
1.169
0.466
0.02
0.07200000000000001
0.534
1.311
2.0180000000000002
2.44
2.41
1.94
1.201
0.47600000000000003
0.046
0.047
0.548
1.293
2.007
2.46
2.407
1.943
1.182
0.481
0.04
0.053
0.558
1.297
2.003
2.452
2.403
1.959
1.224
0.46900000000000003
0.051000000000000004
0.07100000000000001
0.531
1.2730000000000001
2.009
2.455
2.416
1.947
1.185
0.464
0.025
0.056
0.544
1.2550000000000001
2.001
2.449
2.436
1.941
1.1360000000000001
0.506
0.051000000000000004
0.084
0.523
1.2750000000000001
2.017
2.452
2.455
1.933
1.215
0.499
0.054
0.074
0.517
1.2610000000000001
1.994
2.431
2.411
1.955
1.216
0.47700000000000004
0.034
0.07
0.534
1.26
2.008
2.449
2.416
1.943
1.23
0.47900000000000004
0.045
0.06
0.539
1.2690000000000001
2.029
2.432
2.432
1.936
1.228
0.504
0.038
0.048
0.524
1.278
1.984
2.46
2.411
1.973
1.233
0.491
0.038
0.064
0.534
1.278
1.996
2.426
2.439
1.957
1.22
0.506
0.041
0.077
0.516
1.2550000000000001
1.991
2.449
2.44
1.976
1.24
0.49
0.068
0.058
0.511
1.2570000000000001
1.968
2.4210000000000003
2.415
1.968
1.2530000000000001
0.518
0.055
0.052000000000000005
0.51
1.226
1.964
2.428
2.432
1.973
1.241
0.536
0.039
0.051000000000000004
0.40900000000000003
1.246
1.962
2.42
2.431
1.996
1.2750000000000001
0.534
0.048
0.031
0.493
1.236
1.973
2.407
2.432
1.996
1.2530000000000001
0.54
0.069
0.012
0.502
1.233
1.967
2.437
2.44
1.991
1.256
0.512
0.061
0.032
0.5
1.201
1.962
2.437
2.44
2.023
1.296
0.549
0.08700000000000001
0.041
0.498
1.216
1.959
2.428
2.432
2.0180000000000002
1.2590000000000001
0.552
0.054
0.045
0.464
1.183
1.928
2.432
2.457
2.0260000000000002
1.309
0.558
0.048
0.025
0.446
1.19
1.949
2.424
2.442
2.012
1.309
0.539
0.074
0.045
0.47300000000000003
1.178
1.915
2.4
2.455
2.0420000000000003
1.312
0.555
0.08600000000000001
0.035
0.47300000000000003
1.18
1.9120000000000001
2.4
2.458
2.027
1.314
0.561
0.066
0.039
0.45
1.166
1.9120000000000001
2.399
2.457
2.023
1.332
0.5660000000000001
0.088
0.029
0.422
1.1500000000000001
1.8900000000000001
2.411
2.465
2.033
1.344
0.5680000000000001
0.062
0.043000000000000003
0.453
1.18
1.913
2.407
2.473
2.055
1.326
0.59
0.065
0.022
0.429
1.141
1.907
2.415
2.46
2.062
1.327
0.592
0.074
0.025
0.41400000000000003
1.155
1.8800000000000001
2.403
2.455
2.068
1.344
0.604
0.088
0.014
0.426
1.153
1.8880000000000001
2.415
2.468
2.071
1.355
0.592
0.101
0.023
0.435
1.1480000000000001
1.881
2.384
2.458
2.077
1.343
0.611
0.099
0.008
0.439
1.145
1.864
2.3890000000000002
2.447
2.058
1.362
0.5720000000000001
0.113
0.019
0.431
1.114
1.889
2.382
2.458
2.05
1.3780000000000001
0.601
0.101
0.024
0.422
1.133
1.861
2.395
2.451
2.052
1.37
0.5760000000000001
0.11
0.032
0.42
1.125
1.8840000000000001
2.386
2.485
2.086
1.359
0.616
0.112
0.013000000000000001
0.405
1.156
1.872
2.376
2.489
2.087
1.372
0.608
0.097
0.029
0.386
1.075
1.835
2.383
2.479
2.087
1.389
0.649
0.097
0.02
0.403
1.087
1.852
2.387
2.474
2.104
1.4000000000000001
0.623
0.127
0.003
0.357
1.083
1.86
2.387
2.47
2.087
1.412
0.647
0.112
0.021
0.383
1.073
1.862
2.365
2.461
2.105
1.31
0.622
0.116
0.0
0.376
1.075
1.844
2.368
2.457
2.115
1.413
0.656
0.10400000000000001
0.0
0.383
1.066
1.81
2.349
2.489
2.113
1.414
0.647
0.12
0.0
0.386
1.054
1.833
2.352
2.489
2.118
1.444
0.679
0.14300000000000002
0.017
0.368
1.062
1.819
2.353
2.474
2.107
1.43
0.668
0.121
0.001
0.369
1.045
1.812
2.368
2.479
2.137
1.43
0.674
0.133
0.016
0.381
1.041
1.796
2.339
2.471
2.141
1.454
0.6900000000000001
0.14
0.023
0.34400000000000003
1.048
1.8940000000000001
2.342
2.49
2.137
1.459
0.68
0.122
0.0
0.366
1.038
1.786
2.355
2.487
2.1310000000000002
1.444
0.656
0.132
0.0
0.331
1.044
1.7750000000000001
2.352
2.468
2.134
1.469
0.6890000000000001
0.132
0.001
0.315
1.036
1.802
2.334
2.465
2.113
1.457
0.669
0.135
0.001
0.326
1.033
1.754
2.355
2.471
2.129
1.465
0.711
0.136
0.016
0.322
1.0090000000000001
1.784
2.334
2.49
2.134
1.451
0.704
0.157
0.004
0.339
1.004
1.7890000000000001
2.336
2.482
2.145
1.454
0.719
0.157
0.0
0.317
1.0230000000000001
1.766
2.324
2.499
2.17
1.469
0.7010000000000001
0.15
0.0
0.311
1.0110000000000001
1.778
2.323
2.498
2.183
1.485
0.734
0.14100000000000001
0.0
0.343
0.99
1.778
2.342
2.481
2.146
1.512
0.722
0.152
0.0
0.303
0.994
1.747
2.318
2.494
2.16
1.51
0.727
0.161
0.004
0.307
0.979
1.754
2.341
2.487
2.169
1.494
0.725
0.167
0.001
0.332
0.996
1.76
2.339
2.478
2.157
1.488
0.743
0.17500000000000002
0.0
0.311
0.0
1.743
2.341
2.491
2.186
1.51
0.75
0.148
0.005
0.304
0.981
1.7510000000000001
2.31
2.497
2.184
1.524
0.756
0.153
0.014
0.291
0.983
1.7710000000000001
2.305
2.468
2.192
1.52
0.749
0.18
0.0
0.31
0.976
1.749
2.326
2.481
2.17
1.5150000000000001
0.784
0.15
0.012
0.305
0.967
1.747
2.307
2.481
2.189
1.5270000000000001
0.742
0.17
0.0
0.305
0.966
1.712
2.299
2.478
2.177
1.541
0.758
0.167
0.01
0.311
0.98
1.738
2.3040000000000003
2.495
2.1750000000000003
1.539
0.745
0.17300000000000001
0.0
0.371
0.9500000000000001
1.739
2.316
2.474
2.176
1.5230000000000001
0.759
0.18
0.0
0.28700000000000003
0.969
1.736
2.214
2.479
2.18
1.5070000000000001
0.753
0.17
0.004
0.295
0.968
1.739
2.318
2.478
2.158
1.545
0.742
0.16
0.0
0.312
0.975
1.738
2.2840000000000003
2.5
2.204
1.53
0.759
0.16
0.006
0.28500000000000003
0.971
1.738
2.312
2.5020000000000002
2.207
1.5290000000000001
0.75
0.163
0.004
0.28300000000000003
0.9560000000000001
1.731
2.305
2.492
2.196
1.562
0.772
0.178
0.015
0.3
0.93
1.734
2.313
2.486
2.195
1.543
0.787
0.187
0.002
0.275
0.932
1.715
2.313
2.484
2.221
1.543
0.79
0.178
0.0
0.29
0.9570000000000001
1.717
2.2920000000000003
2.511
2.204
1.56
0.785
0.197
0.0
0.273
0.9500000000000001
1.686
2.281
2.503
2.202
1.572
0.78
0.176
0.004
0.29
0.918
1.685
2.286
2.493
2.192
1.562
0.786
0.185
0.0
0.28600000000000003
0.903
1.681
2.3000000000000003
2.487
2.213
1.546
0.786
0.203
0.01
0.253
0.91
1.672
2.289
2.473
2.22
1.585
0.8
0.219
0.0
0.275
0.907
1.681
2.293
2.484
2.233
1.591
0.8130000000000001
0.198
0.0
0.255
0.912
1.657
2.2840000000000003
2.5
2.239
1.573
0.808
0.199
0.0
0.265
0.904
1.6560000000000001
2.291
2.489
2.245
1.597
0.8300000000000001
0.223
0.0
0.24
0.868
1.668
2.287
2.494
2.226
1.61
0.848
0.211
0.012
0.253
0.869
1.6600000000000001
2.263
2.508
2.253
1.594
0.8320000000000001
0.231
0.0
0.242
0.866
1.649
2.2520000000000002
2.489
2.239
1.61
0.834
0.22
0.0
0.231
0.874
1.643
2.25
2.583
2.242
1.639
0.856
0.23600000000000002
0.0
0.228
0.846
1.6460000000000001
2.263
2.482
2.253
1.6300000000000001
0.855
0.233
0.024
0.242
0.835
1.631
2.257
2.474
2.274
1.629
0.866
0.261
0.0
0.24
0.842
1.598
2.233
2.498
2.257
1.6540000000000001
0.888
0.241
0.004
0.247
0.842
1.604
2.233
2.498
2.242
1.6520000000000001
0.876
0.243
0.0
0.226
0.8150000000000001
1.598
2.246
2.494
2.2680000000000002
1.655
0.884
0.255
0.0
0.202
0.801
1.578
2.232
2.466
2.278
1.649
0.884
0.265
0.005
0.19
0.801
1.585
2.221
2.481
2.2920000000000003
1.675
0.923
0.241
0.001
0.199
0.8200000000000001
1.58
2.21
2.5
2.273
1.668
0.904
0.245
0.0
0.182
0.798
1.588
2.233
2.473
2.29
1.707
0.925
0.252
0.0
0.20700000000000002
0.799
1.555
2.203
2.486
2.283
1.704
0.93
0.28200000000000003
0.0
0.198
0.801
1.584
2.2
2.497
2.3000000000000003
1.68
0.924
0.258
0.0
0.199
0.783
1.569
2.221
2.479
2.27
1.7
0.927
0.28700000000000003
0.0
0.163
0.774
1.566
2.199
2.484
2.287
1.73
0.9380000000000001
0.245
0.008
0.211
0.785
1.551
2.207
2.503
2.282
1.717
0.925
0.271
0.0
0.159
0.796
1.543
2.178
2.495
2.291
1.696
0.924
0.278
0.007
0.179
0.755
1.536
2.191
2.507
2.29
1.692
0.9590000000000001
0.299
0.014
0.167
0.777
1.552
2.178
2.49
2.315
1.71
0.935
0.294
0.008
0.161
0.759
1.5150000000000001
2.184
2.497
2.2920000000000003
1.71
0.9540000000000001
0.291
0.0
0.181
0.748
1.5230000000000001
2.203
2.482
2.312
1.741
0.979
0.312
0.0
0.149
0.752
1.5110000000000001
2.178
2.479
2.342
1.731
0.979
0.293
0.012
0.136
0.761
1.5030000000000001
2.183
2.486
2.319
1.737
0.976
0.307
0.0
0.178
0.733
1.5150000000000001
2.1710000000000003
2.498
2.342
1.7630000000000001
0.971
0.314
0.0
0.163
0.716
1.5
2.1630000000000003
2.486
2.334
1.7590000000000001
1.002
0.327
0.006
0.164
0.709
1.48
2.15
2.474
2.324
1.772
0.997
0.315
0.012
0.14100000000000001
0.713
1.493
2.1670000000000003
2.478
2.335
1.772
1.014
0.329
0.0
0.161
0.7010000000000001
1.462
2.1510000000000002
2.473
2.339
1.7570000000000001
0.997
0.326
0.007
0.129
0.708
1.472
2.152
2.477
2.357
1.758
1.0190000000000001
0.329
0.0
0.149
0.6970000000000001
1.446
2.154
2.468
2.358
1.797
1.046
0.34900000000000003
0.0
0.13
0.676
1.469
2.1550000000000002
2.466
2.326
1.802
1.032
0.34800000000000003
0.014
0.135
0.6940000000000001
1.441
2.134
2.494
2.345
1.811
1.049
0.371
0.0
0.115
0.678
1.436
2.108
2.461
2.368
1.81
1.037
0.34400000000000003
0.024
0.108
0.659
1.417
2.106
2.481
2.37
1.82
1.081
0.365
0.007
0.107
0.666
1.425
2.1310000000000002
2.486
2.357
1.839
1.075
0.364
0.011
0.112
0.648
1.3900000000000001
2.088
2.461
2.382
1.826
1.075
0.398
0.002
0.096
0.619
1.383
2.113
2.461
2.378
1.843
1.085
0.397
0.023
0.124
0.639
1.3880000000000001
2.097
2.478
2.3810000000000002
1.849
1.096
0.406
0.016
0.10400000000000001
0.632
1.399
2.075
2.483
2.373
1.868
1.111
0.41200000000000003
0.029
0.101
0.622
1.3820000000000001
2.087
2.466
2.365
1.865
1.091
0.402
0.033
0.084
0.605
1.36
2.081
2.471
2.392
1.854
1.125
0.394
0.04
0.111
0.629
1.374
2.057
2.476
2.371
1.8880000000000001
1.103
0.398
0.031
0.1
0.613
1.348
2.05
2.473
2.418
1.8960000000000001
1.124
0.427
0.012
0.068
0.601
1.345
2.081
2.468
2.39
1.899
1.1340000000000001
0.448
0.009000000000000001
0.107
0.5760000000000001
1.34
2.0380000000000003
2.474
2.382
1.917
1.12
0.418
0.016
0.083
0.5720000000000001
1.323
2.054
2.465
2.416
1.887
1.169
0.431
0.034
0.101
0.5690000000000001
1.321
2.061
2.44
2.4130000000000003
1.9180000000000001
1.154
0.425
0.015
0.075
0.5700000000000001
1.303
2.025
2.439
2.418
1.922
1.163
0.459
0.029
0.099
0.5710000000000001
1.307
2.0180000000000002
2.466
2.416
1.8860000000000001
1.188
0.47800000000000004
0.045
0.059000000000000004
0.5690000000000001
1.293
2.0140000000000002
2.439
2.403
1.9180000000000001
1.191
0.455
0.03
0.083
0.561
1.2770000000000001
2.033
2.447
2.424
1.924
1.183
0.48
0.041
0.07100000000000001
0.526
1.278
2.023
2.431
2.4290000000000003
1.95
1.22
0.489
0.055
0.068
0.539
1.282
1.991
2.422
2.436
1.965
1.205
0.505
0.035
0.057
0.536
1.274
1.965
2.459
2.415
1.98
1.236
0.51
0.048
0.06
0.527
1.264
1.971
2.423
2.437
1.988
1.2610000000000001
0.595
0.046
0.037
0.487
1.23
1.961
2.416
2.42
1.987
1.2690000000000001
0.506
0.061
0.044
0.502
1.204
1.978
2.439
2.426
1.981
1.2550000000000001
0.534
0.052000000000000005
0.045
0.493
1.224
1.97
2.439
2.427
1.992
1.2790000000000001
0.541
0.064
0.04
0.489
1.198
1.945
2.431
2.46
1.996
1.288
0.527
0.076
0.022
0.465
1.19
1.922
2.436
2.452
2.0220000000000002
1.309
0.532
0.083
0.038
0.448
1.181
1.942
2.4
2.457
2.0100000000000002
1.288
0.5690000000000001
0.081
0.031
0.452
1.154
1.917
2.394
2.437
2.023
1.319
0.548
0.083
0.048
0.458
1.177
1.933
2.403
2.46
2.047
1.337
0.5700000000000001
0.073
0.041
0.456
1.154
1.9020000000000001
2.395
2.469
2.0340000000000003
1.336
0.593
0.079
0.038
0.434
1.162
1.897
2.388
2.427
2.0420000000000003
1.31
0.5700000000000001
0.073
0.029
0.428
1.174
1.907
2.384
2.467
2.055
1.335
0.577
0.078
0.014
0.42
1.1260000000000001
1.907
2.4050000000000002
2.445
2.054
1.363
0.606
0.074
0.019
0.40800000000000003
1.1420000000000001
1.872
2.379
2.457
2.07
1.358
0.614
0.006
0.0
0.435
1.139
1.868
2.382
2.489
2.05
1.372
0.614
0.10300000000000001
0.004
0.425
1.109
1.8880000000000001
2.4010000000000002
2.455
2.055
1.348
0.62
0.088
0.026000000000000002
0.40900000000000003
1.102
1.863
2.403
2.46
2.079
1.349
0.62
0.108
0.033
0.397
1.098
1.868
2.368
2.469
2.084
1.3800000000000001
0.623
0.107
0.023
0.395
1.088
1.8760000000000001
2.384
2.474
2.07
1.3860000000000001
0.607
0.109
0.011
0.405
1.117
1.867
2.382
2.466
2.086
1.3980000000000001
0.622
0.111
0.004
0.386
1.106
1.859
2.372
2.464
2.115
1.414
0.638
0.11900000000000001
0.0
0.376
1.087
1.846
2.3970000000000002
2.484
2.092
1.3920000000000001
0.65
0.12
0.024
0.373
1.0
1.855
2.361
2.457
2.107
1.417
0.659
0.108
0.007
0.368
1.097
1.849
2.36
2.466
2.107
1.417
0.654
0.127
0.022
0.374
1.069
1.823
2.366
2.471
2.1
1.3980000000000001
0.665
0.131
0.0
0.381
1.078
1.805
2.363
2.47
2.099
1.413
0.647
0.13
0.026000000000000002
0.374
1.046
1.822
2.365
2.461
2.116
1.443
0.662
0.109
0.012
0.356
1.043
1.809
2.345
2.479
2.134
1.433
0.668
0.111
0.025
0.354
1.066
1.829
2.357
2.487
2.11
1.409
0.6990000000000001
0.121
0.003
0.343
1.04
1.835
2.365
2.461
2.136
1.448
0.6880000000000001
0.137
0.016
0.34400000000000003
1.054
1.797
2.376
2.49
2.153
1.443
0.6930000000000001
0.12
0.019
0.34700000000000003
1.04
1.797
2.365
2.474
2.146
1.456
0.6900000000000001
0.138
0.0
0.332
1.0110000000000001
1.786
2.341
2.471
2.1310000000000002
1.467
0.677
0.148
0.0
0.327
1.024
1.799
2.344
2.494