
1.179
1.687
0.435
2.2800000000000002
0.005
2.489
0.093
2.181
0.598
1.5010000000000001
1.393
0.745
2.087
0.17
2.468
0.0
2.388
0.356
1.817
1.026
1.048
1.81
0.338
2.349
0.01
2.49
0.136
2.104
0.715
1.367
1.493
0.593
2.186
0.101
2.482
0.013000000000000001
2.316
0.447
1.7
1.171
0.9430000000000001
1.915
0.272
2.41
0.0
2.465
0.224
2.0260000000000002
0.805
1.238
1.62
0.506
2.249
0.042
2.494
0.045
2.241
0.527
1.596
1.285
0.8300000000000001
2.0100000000000002
0.212
2.434
0.0
2.404
0.28800000000000003
1.883
0.9430000000000001
1.131
1.752
0.402
2.294
0.026000000000000002
2.468
0.10300000000000001
2.17
0.604
1.5010000000000001
1.401
0.713
2.091
0.117
2.463
0.014
2.36
0.336
1.801
1.041
1.038
1.811
0.338
2.355
0.007
2.472
0.134
2.107
0.727
1.3900000000000001
1.415
0.613
2.154
0.074
2.498
0.011
2.336
0.426
1.706
1.145
0.926
1.9020000000000001
0.28500000000000003
2.418
0.0
2.465
0.211
2.007
0.801
1.27
1.585
0.529
2.225
0.065
2.481
0.043000000000000003
2.267
0.501
1.607
1.266
0.807
2.007
0.223
2.447
0.0
2.4290000000000003
0.26
1.93
0.9380000000000001
1.155
1.718
0.439
2.31
0.033
2.49
0.085
2.197
0.598
1.528
1.338
0.721
2.079
0.153
2.449
0.014
2.39
0.333
1.869
1.016
1.1
1.807
0.374
2.345
0.01
2.475
0.106
2.141
0.67
1.411
1.449
0.705
2.142
0.106
2.497
0.002
2.358
0.396
1.747
1.095
1.092
1.844
0.318
2.399
0.024
2.478
0.161
2.041
0.761
1.329
1.5230000000000001
0.5740000000000001
2.203
0.095
2.474
0.053
2.287
0.46
1.676
1.191
0.904
1.93
0.266
2.432
0.0
2.438
0.23600000000000002
1.984
0.847
1.245
1.631
0.529
2.262
0.049
2.497
0.04
2.236
0.535
1.602
1.286
0.796
2.0420000000000003
0.17200000000000001
2.431
0.003
2.402
0.29
1.909
0.9500000000000001
1.153
1.75
0.452
2.307
0.027
2.479
0.113
2.165
0.63
1.481
1.3860000000000001
0.6940000000000001
2.108
0.135
2.486
0.0
2.344
0.34700000000000003
1.795
1.05
1.048
1.836
0.33
2.384
0.0
2.444
0.148
2.076
0.747
1.365
1.488
0.588
2.197
0.108
2.49
0.028
2.3000000000000003
0.448
1.714
1.166
0.912
1.8960000000000001
0.253
2.4290000000000003
0.0
2.455
0.232
1.997
0.8160000000000001
1.281
1.61
0.514
2.266
0.044
2.479
0.069
2.236
0.51
1.577
1.286
0.834
1.997
0.219
2.465
0.002
2.41
0.278
1.891
0.9450000000000001
1.171
1.731
0.422
2.302
0.013000000000000001
2.495
0.095
2.17
0.593
1.504
1.3880000000000001
0.718
2.107
0.149
2.461
0.001
2.345
0.336
1.834
1.033
1.066
1.802
0.369
2.358
0.018000000000000002
2.494
0.125
2.109
0.685
1.415
1.504
0.622
2.144
0.116
2.492
0.02
2.336
0.41300000000000003
1.752
1.1400000000000001
0.9580000000000001
1.817
0.246
2.4130000000000003
0.0
2.467
0.199
2.027
0.793
1.285
1.572
0.542
2.245
0.074
2.487
0.031
2.279
0.488
1.6620000000000001
1.229
0.841
1.996
0.228
2.42
0.0
2.442
0.278
1.924
0.906
1.183
1.679
0.443
2.2840000000000003
0.04
2.466
0.06
2.194
0.597
1.5270000000000001
1.338
0.746
2.07
0.151
2.484
0.0
2.365
0.318
1.862
1.024
1.056
1.79
0.375
2.363
0.01
2.486
0.125
2.128
0.671
1.399
1.481
0.635
2.146
0.122
2.492
0.021
2.35
0.381
1.746
1.111
1.0010000000000001
1.853
0.28800000000000003
2.403
0.0
2.471
0.19
2.062
0.765
1.32
1.539
0.5640000000000001
2.194
0.065
2.486
0.022
2.299
0.459
1.665
1.183
0.905
1.965
0.23600000000000002
2.441
0.0
2.445
0.23600000000000002
1.978
0.869
1.21
1.6440000000000001
0.483
2.291
0.032
2.597
0.059000000000000004
2.199
0.543
1.556
1.303
0.787
2.039
0.177
2.447
0.0
2.41
0.28600000000000003
1.8840000000000001
0.979
1.119
1.764
0.41000000000000003
2.339
0.004
2.463
0.08700000000000001
2.1750000000000003
0.632
1.498
1.3780000000000001
0.713
2.101
0.154
2.461
0.0
2.357
0.361
1.814
1.031
1.028
1.839
0.323
2.36
0.0
2.466
0.124
2.113
0.713
1.391
1.494
0.627
2.1710000000000003
0.107
2.494
0.025
2.316
0.431
1.705
1.154
0.9500000000000001
1.8940000000000001
0.28
2.42
0.004
2.458
0.189
2.023
0.8180000000000001
1.278
1.597
0.522
2.2520000000000002
0.048
2.486
0.05
2.273
0.504
1.639
1.2550000000000001
0.852
1.976
0.219
2.431
0.0
2.418
0.253
1.962
0.9
1.209
1.689
0.456
2.315
0.029
2.479
0.08600000000000001
2.191
0.5660000000000001
1.564
1.33
0.783
2.0460000000000003
0.203
2.455
0.004
2.384
0.28500000000000003
1.8940000000000001
0.996
1.1380000000000001
1.786
0.4
2.337
0.029
2.479
0.122
2.1470000000000002
0.622
1.437
1.403
0.6930000000000001
2.121
0.129
2.49
0.012
2.345
0.362
1.793
1.065
1.026
1.845
0.328
2.3890000000000002
0.0
2.485
0.134
2.083
0.726
1.371
1.514
0.602
2.173
0.107
2.481
0.024
2.323
0.446
1.718
1.178
0.909
1.8940000000000001
0.259
2.416
0.0
2.437
0.194
2.0220000000000002
0.803
1.293
1.607
0.527
2.249
0.066
2.5
0.041
2.25
0.518
1.618
1.26
0.811
2.031
0.216
2.426
0.0
2.426
0.289
1.917
0.9400000000000001
1.141
1.706
0.448
2.308
0.021
2.471
0.075
2.187
0.614
1.48
1.3960000000000001
0.711
2.097
0.129
2.463
0.012
2.384
0.336
1.823
1.024
1.059
1.7870000000000001
0.363
2.378
0.001
2.487
0.135
2.097
0.711
1.423
1.467
0.651
2.1630000000000003
0.113
2.494
0.014
2.313
0.43
1.749
1.127
0.9580000000000001
1.907
0.273
2.418
0.0
2.461
0.195
2.004
0.8200000000000001
1.2750000000000001
1.577
0.519
2.239
0.062
2.479
0.063
2.2760000000000002
0.523
1.602
1.2650000000000001
0.848
1.983
0.213
2.458
0.0
2.4210000000000003
0.277
1.905
0.9460000000000001
1.159
1.731
0.419
2.324
0.009000000000000001
2.492
0.107
2.187
0.616
1.522
1.3960000000000001
0.734
2.099
0.166
2.478
0.003
2.387
0.355
1.849
1.016
1.081
1.802
0.363
2.355
0.0
2.497
0.11
2.113
0.683
1.377
1.4060000000000001
0.643
2.176
0.091
2.49
0.018000000000000002
2.308
0.335
1.733
1.1480000000000001
0.9480000000000001
1.897
0.277
2.3970000000000002
0.0
2.452
0.213
2.021
0.843
1.2610000000000001
1.618
0.594
2.241
0.041
2.477
0.064
2.2600000000000002
0.455
1.585
1.303
0.808
2.02
0.189
2.455
0.004
2.39
0.202
1.8840000000000001
0.9560000000000001
1.154
1.741
0.39
2.331
0.006
2.476
0.077
2.158
0.605
1.499
1.409
0.6890000000000001
2.095
0.145
2.46
0.009000000000000001
2.368
0.34500000000000003
1.797
1.058
0.996
1.825
0.335
2.37
0.0
2.46
0.122
2.086
0.713
1.3800000000000001
1.5270000000000001
0.595
2.104
0.10300000000000001
2.5140000000000002
0.006
2.289
0.46
1.667
1.209
0.904
1.925
0.268
2.41
0.0
2.453
0.228
1.986
0.842
1.225
1.6480000000000001
0.491
2.2760000000000002
0.024
2.487
0.064
2.291
0.541
1.57
1.319
0.761
2.0460000000000003
0.17500000000000002
2.449
0.0
2.376
0.328
1.857
0.974
1.087
1.762
0.387
2.353
0.017
2.48
0.128
2.1310000000000002
0.668
1.44
1.462
0.651
2.142
0.11800000000000001
2.487
0.035
2.349
0.385
1.754
1.108
0.971
1.923
0.303
2.41
0.007
2.459
0.21
2.011
0.788
1.322
1.572
0.541
2.228
0.066
2.505
0.062
2.25
0.524
1.627
1.2750000000000001
0.836
1.996
0.194
2.436
0.0
2.406
0.27
1.9020000000000001
0.937
1.141
1.71
0.41500000000000004
2.294
0.004
2.47
0.097
2.187
0.624
1.506
1.391
0.723
2.083
0.14100000000000001
2.474
0.013000000000000001
2.357
0.367
1.809
1.048
1.036
1.839
0.35000000000000003
2.382
0.003
2.497
0.128
2.067
0.721
1.361
1.499
0.589
2.186
0.082
2.482
0.014
2.383
0.439
1.668
1.199
0.892
1.947
0.23800000000000002
2.424
0.0
2.42
0.217
2.0
0.858
1.226
1.676
0.47600000000000003
2.27
0.021
2.505
0.095
2.215
0.56
1.5230000000000001
1.314
0.786
2.0420000000000003
0.17300000000000001
2.463
0.007
2.379
0.324
1.824
0.983
1.088
1.749
0.377
2.326
0.012
2.468
0.147
2.123
0.673
1.436
1.457
0.653
2.161
0.128
2.473
0.025
2.328
0.41000000000000003
1.728
1.12
0.9530000000000001
1.8840000000000001
0.303
2.407
0.0
2.452
0.195
2.033
0.796
1.281
1.58
0.514
2.223
0.075
2.511
0.04
2.232
0.499
1.6420000000000001
1.274
0.8220000000000001
2.0100000000000002
0.199
2.458
0.0
2.4290000000000003
0.28400000000000003
1.995
0.9400000000000001
1.135
1.703
0.423
2.319
0.036000000000000004
2.503
0.111
2.1630000000000003
0.616
1.475
1.387
0.712
2.099
0.11
2.484
0.0
2.371
0.373
1.805
1.069
1.029
1.854
0.311
2.387
0.0
2.478
0.164
2.067
0.76
1.336
1.5270000000000001
0.5720000000000001
2.219
0.07100000000000001
2.474
0.045
2.271
0.47600000000000003
1.631
1.211
0.9
1.964
0.23500000000000001
2.445
0.0
2.437
0.22
1.965
0.905
1.194
1.665
0.448
2.294
0.035
2.481
0.075
2.207
0.561
1.54
1.353
0.762
2.078
0.157
2.458
0.0
2.395
0.211
1.875
1.0170000000000001
1.096
1.7830000000000001
0.361
2.363
0.003
2.497
0.133
2.125
0.706
1.415
1.49
0.63
2.174
0.125
2.469
0.02
2.332
0.431
1.723
1.1280000000000001
0.93
1.926
0.293
2.42
0.0
2.4290000000000003
0.212
1.99
0.8290000000000001
1.28
1.6560000000000001
0.5
2.255
0.035
2.507
0.075
2.229
0.558
1.565
1.333
0.783
2.028
0.178
2.446
0.004
2.361
0.319
1.8760000000000001
1.0
1.077
1.801
0.386
2.371
0.004
2.478
0.123
2.104
0.7010000000000001
1.415
1.477
0.615
2.166
0.182
2.481
0.004
2.326
0.438
1.687
1.153
0.9430000000000001
1.917
0.276
2.4290000000000003
0.0
2.436
0.20700000000000002
1.992
0.866
1.229
1.653
0.47600000000000003
2.278
0.016
2.489
0.062
2.215
0.5630000000000001
1.576
1.351
0.782
2.0420000000000003
0.195
2.469
0.003
2.383
0.307
1.867
1.012
1.083
1.784
0.379
2.343
0.008
2.483
0.11
2.123
0.658
1.472
1.462
0.659
2.1510000000000002
0.13
2.48
0.024
2.329
0.388
1.7790000000000001
1.124
0.965
1.8860000000000001
0.312
2.4130000000000003
0.0
2.468
0.195
2.029
0.809
1.301
1.593
0.53
2.222
0.053
2.407
0.053
2.273
0.521
1.635
1.24
0.841
1.991
0.20700000000000002
2.4290000000000003
0.0
2.42
0.265
1.939
0.9430000000000001
1.147
1.696
0.391
2.316
0.008
2.484
0.08700000000000001
2.1550000000000002
0.622
1.47
1.3860000000000001
0.7000000000000001
2.1
0.149
2.49
0.0
2.364
0.371
1.794
1.069
1.012
1.847
0.32
2.3810000000000002
0.004
2.423
0.148
2.071
0.755
1.34
1.5330000000000001
0.585
2.195
0.10400000000000001
2.402
0.033
2.297
0.45
1.668
1.194
0.901
1.923
0.265
2.434
0.004
2.426
0.219
1.988
0.834
1.222
1.647
0.47900000000000004
2.266
0.033
2.503
0.045
2.24
0.561
1.58
1.327
0.772
2.033
0.179
2.447
0.005
2.4050000000000002
0.28600000000000003
1.8780000000000001
0.992
1.095
1.744
0.404
2.334
0.008
2.488
0.10300000000000001
2.13
0.665
1.425
1.443
0.658
2.133
0.129
2.478
0.0
2.326
0.379
1.741
1.111
0.993
1.866
0.322
2.3930000000000002
0.008
2.447
0.18
2.058
0.804
1.302
1.591
0.5680000000000001
2.223
0.07100000000000001
2.507
0.019
2.282
0.484
1.6560000000000001
1.246
0.868
1.999
0.212
2.449
0.0
2.4
0.261
1.949
0.908
1.209
1.682
0.451
2.2840000000000003
0.015
2.478
0.093
2.187
0.598
1.504
1.343
0.726
2.074
0.178
2.455
0.006
2.379
0.311
1.825
1.043
1.062
1.826
0.362
2.357
0.008
2.478
0.135
2.106
0.724
1.389
1.497
0.632
2.197
0.082
2.497
0.01
2.286
0.425
1.687
1.178
0.9390000000000001
1.928
0.259
2.41
0.0
2.442
0.225
1.984
0.848
1.249
1.633
0.486
2.271
0.046
2.479
0.079
2.232
0.553
1.544
1.319
0.734
2.041
0.155
2.474
0.0
2.39
0.31
1.844
1.0170000000000001
1.064
1.768
0.352
2.355
0.008
2.49
0.14400000000000002
2.1
0.705
1.3860000000000001
1.472
0.626
2.1750000000000003
0.127
2.477
0.004
2.328
0.424
1.718
1.166
0.964
1.933
0.251
2.3970000000000002
0.0
2.447
0.18
2.004
0.8130000000000001
1.246
1.661
0.519
2.255
0.063
2.516
0.023
2.242
0.518
1.612
1.285
0.8300000000000001
2.031
0.209
2.449
0.0
2.403
0.269
1.907
0.932
1.1280000000000001
1.739
0.406
2.31
0.017
2.478
0.107
2.178
0.638
1.454
1.409
0.649
2.149
0.131
2.467
0.0
2.344
0.366
1.774
1.091
1.084
1.8880000000000001
0.303
2.399
0.002
2.469
0.17400000000000002
2.033
0.793
1.332
1.594
0.514
2.237
0.041
2.481
0.044
2.255
0.538
1.614
1.266
0.8210000000000001
2.009
0.20600000000000002
2.432
0.0
2.423
0.273
1.936
0.924
1.166
1.717
0.443
2.316
0.032
2.478
0.099
2.17
0.607
1.481
1.399
0.705
2.109
0.133
2.478
0.007
2.36
0.377
1.802
1.074
0.984
1.865
0.302
2.387
0.0
2.46
0.181
2.05
0.784
1.328
1.543
0.545
2.2
0.079
2.473
0.045
2.274
0.47900000000000004
1.6480000000000001
1.214
0.842
1.988
0.21
2.4210000000000003
0.0
2.432
0.272
1.924
0.906
1.201
1.683
0.455
2.305
0.019
2.5020000000000002
0.083
2.191
0.61
1.49
1.3980000000000001
0.737
2.07
0.165
2.471
0.016
2.361
0.365
1.801
1.048
1.025
1.825
0.319
2.376
0.001
2.479
0.179
2.058
0.734
1.355
1.526
0.603
2.1750000000000003
0.093
2.476
0.027
2.287
0.445
1.688
1.166
0.904
1.926
0.23900000000000002
2.436
0.007
2.441
0.22
1.971
0.884
1.219
1.633
0.489
2.294
0.025
2.491
0.085
2.197
0.5710000000000001
1.5310000000000001
1.338
0.763
2.052
0.179
2.463
0.0
2.383
0.32
1.87
0.996
1.109
1.7790000000000001
0.393
2.336
0.018000000000000002
2.468
0.131
2.129
0.6920000000000001
1.42
1.43
0.676
2.15
0.112
2.474
0.017
2.336
0.41200000000000003
1.7650000000000001
1.029
0.967
1.897
0.294
2.403
0.0
2.465
0.176
2.0460000000000003
0.768
1.307
1.588
0.5630000000000001
2.22
0.075
2.474
0.053
2.27
0.506
1.6320000000000001
1.227
0.877
1.978
0.215
2.439
0.02
2.4290000000000003
0.265
1.949
0.872
1.195
1.676
0.449
2.2920000000000003
0.041
2.474
0.096
2.178
0.5720000000000001
1.5330000000000001
1.328
0.741
2.089
0.169
2.458
0.0
2.371
0.34800000000000003
1.82
1.0070000000000001
1.05
1.812
0.369
2.347
0.013000000000000001
2.45
0.136
2.116
0.724
1.467
1.473
0.619
2.161
0.081
2.573
0.025
2.32
0.436
1.718
1.1360000000000001
0.925
1.907
0.259
2.399
0.0
2.454
0.201
2.0420000000000003
0.79
1.301
1.581
0.549
2.255
0.076
2.511
0.073
2.2760000000000002
0.519
1.627
1.245
0.857
1.979
0.222
2.44
0.0
2.432
0.241
1.933
0.879
1.195
1.645
0.46900000000000003
2.2760000000000002
0.045
2.498
0.079
2.21
0.541
1.578
1.319
0.787
2.0460000000000003
0.179
2.451
0.008
2.3970000000000002
0.3
1.9040000000000001
0.964
1.1380000000000001
1.722
0.40800000000000003
2.323
0.024
2.49
0.1
2.1710000000000003
0.625
1.485
1.383
0.79
2.11
0.131
2.465
0.004
2.37
0.364
1.7910000000000001
1.034
1.056
1.81
0.339
2.316
0.001
2.487
0.151
2.071
0.7020000000000001
1.3980000000000001
1.504
0.634
2.196
0.1
2.495
0.02
2.32
0.427
1.796
1.165
0.936
1.899
0.28400000000000003
2.424
0.0
2.467
0.227
1.996
0.849
1.266
1.612
0.518
2.265
0.036000000000000004
2.49
0.043000000000000003
2.236
0.523
1.581
1.2770000000000001
0.8200000000000001
2.007
0.17300000000000001
2.465
0.002
2.4090000000000003
0.254
1.897
0.9570000000000001
1.145
1.72
0.41000000000000003
2.322
0.022
2.484
0.081
2.184
0.601
1.485
1.372
0.716
2.087
0.131
2.486
0.014
2.382
0.35100000000000003
1.815
1.038
1.0130000000000001
1.823
0.352
2.3810000000000002
0.013000000000000001
2.455
0.128
2.105
0.716
1.365
1.5010000000000001
0.622
2.15
0.062
2.493
0.016
2.324
0.41000000000000003
1.739
1.141
0.965
1.9020000000000001
0.28200000000000003
2.403
0.0
2.452
0.163
2.044
0.792
1.317
1.57
0.5720000000000001
2.222
0.078
2.487
0.053
2.281
0.454
1.6600000000000001
1.188
0.9
1.952
0.228
2.437
0.009000000000000001
2.453
0.226
2.004
0.859
1.2590000000000001
1.62
0.524
2.253
0.07
2.485
0.038
2.23
0.433
1.6260000000000001
1.299
0.834
1.999
0.201
2.434
0.005
2.403
0.253
1.919
0.921
1.162
1.695
0.431
2.313
0.013000000000000001
2.478
0.053
2.178
0.608
1.506
1.3820000000000001
0.714
2.079
0.146
2.471
0.0
2.343
0.343
1.846
1.002
1.078
1.7910000000000001
0.377
2.357
0.001
2.469
0.129
2.1
0.6930000000000001
1.422
1.464
0.655
2.157
0.1
2.484
0.011
2.323
0.41500000000000004
1.745
1.104
0.986
1.885
0.312
2.41
0.0
2.442
0.184
2.041
0.772
1.333
1.557
0.5690000000000001
2.213
0.067
2.479
0.058
2.262
0.47900000000000004
1.6440000000000001
1.245
0.87
1.975
0.232
2.445
0.004
2.428
0.24
1.949
0.892
1.196
1.668
0.465
2.306
0.028
2.49
0.082
2.202
0.6
1.538
1.349
0.728
2.079
0.17500000000000002
2.468
0.008
2.374
0.341
1.859
1.0170000000000001
1.067
1.784
0.359
2.35
0.0
2.449
0.12
2.107
0.626
1.341
1.491
0.624
2.177
0.099
2.509
0.007
2.328
0.41400000000000003
1.699
1.169
0.9410000000000001
1.915
0.265
2.392
0.0
2.439
0.20700000000000002
2.013
0.836
1.241
1.635
0.515
2.2520000000000002
0.047
2.498
0.059000000000000004
2.234
0.543
1.592
1.314
0.803
2.054
0.195
2.461
0.0
2.403
0.29
1.891
0.986
1.112
1.764
0.375
2.329
0.022
2.487
0.107
2.136
0.659
1.44
1.438
0.648
2.129
0.107
2.499
0.006
2.321
0.384
1.768
1.099
0.988
1.851
0.317
2.382
0.0
2.481
0.193
2.036
0.772
1.274
1.577
0.543
2.216
0.055
2.507
0.051000000000000004
2.242
0.495
1.62
1.2690000000000001
0.8300000000000001
1.999
0.224
2.453
0.0
2.431
0.273
1.9120000000000001
0.842
1.184
1.697
0.429
2.305
0.008
2.486
0.079
2.291
0.614
1.599
1.371
0.722
2.091
0.138
2.449
0.012
2.368
0.341
1.839
1.016
1.072
1.82
0.356
2.35
0.0
2.486
0.128
2.11
0.718
1.3800000000000001
1.476
0.637
2.165
0.108
2.494
0.035
2.305
0.418
1.714
1.161
0.921
1.889
0.289
2.4290000000000003
0.0
2.436
0.187
2.0060000000000002
0.8
1.2750000000000001
1.601
0.51
2.231
0.053
2.481
0.043000000000000003
2.237
0.537
1.609
1.2770000000000001
0.8200000000000001
2.02
0.195
2.431
0.011
2.416
0.262
1.8760000000000001
0.965
1.151
1.72
0.41000000000000003
2.316
0.029
2.494
0.099
2.1550000000000002
0.624
1.448
1.409
0.776
2.129
0.112
2.458
0.005
2.337
0.373
1.7570000000000001
1.078
1.014
1.866
0.315
2.3850000000000002
0.0
2.476
0.186
2.04
0.766
1.327
1.5350000000000001
0.539
2.216
0.078
2.5020000000000002
0.053
2.275
0.47900000000000004
1.659
1.236
0.869
1.949
0.228
2.449
0.0
2.415
0.257
1.946
0.893
1.207
1.68
0.47300000000000003
2.2800000000000002
0.063
2.47
0.074
2.294
0.589
1.5150000000000001
1.345
0.738
2.073
0.166
2.479
0.0
2.365
0.359
1.835
1.037
1.055
1.7910000000000001
0.35000000000000003
2.37
0.011
2.487
0.152
2.112
0.706
1.3880000000000001
1.5010000000000001
0.637
2.178
0.109
2.501
0.029
2.323
0.423
1.733
1.162
0.937
1.8840000000000001
0.253
2.386
0.0
2.436
0.186
2.001
0.793
1.264
1.599
0.523
2.25
0.066
2.497
0.058
2.245
0.51
1.612
1.274
0.784
2.009
0.203
2.455
0.0
2.4050000000000002
0.254
1.9020000000000001
0.9380000000000001
1.164
1.712
0.417
2.331
0.004
2.478
0.093
2.176
0.644
1.494
1.403
0.704
2.108
0.145
2.464
0.023
2.36
0.355
1.818
1.072
0.999
1.855
0.308
2.387
0.0
2.487
0.161
2.075
0.772
1.327
1.528
0.583
2.212
0.079
2.507
0.022
2.2920000000000003
0.49
1.6560000000000001
1.212
0.874
1.963
0.251
2.452
0.0
2.449
0.255
1.948
0.867
1.287
1.6540000000000001
0.489
2.299
0.026000000000000002
2.5
0.073
2.247
0.5680000000000001
1.546
1.344
0.746
2.035
0.156
2.453
0.0
2.399
0.31
1.863
0.997
1.092
1.76
0.388
2.326
0.006
2.487
0.128
2.146
0.672
1.457
1.449
0.664
2.129
0.11900000000000001
2.459
0.023
2.334
0.386
1.7670000000000001
1.082
1.01
1.849
0.33
2.403
0.014
2.457
0.182
2.062
0.768
1.343
1.554
0.581
2.195
0.095
2.492
0.033
2.274
0.47200000000000003
1.647
1.205
0.846
1.981
0.244
2.44
0.006
2.436
0.23900000000000002
1.943
0.879
1.198
1.701
0.46900000000000003
2.2960000000000003
0.064
2.486
0.074
2.21
0.59
1.549
1.355
0.733
2.072
0.184
2.481
0.0
2.379
0.299
1.859
0.972
1.096
1.772
0.379
2.339
0.017
2.497
0.135
2.097
0.664
1.432
1.428
0.668
2.152
0.129
2.487
0.013000000000000001
2.326
0.385
1.7590000000000001
1.127
0.991
1.874
0.294
2.406
0.0
2.457
0.166
2.047
0.8
1.305
1.589
0.547
2.226
0.058
2.49
0.047
2.271
0.51
1.659
1.243
0.845
1.959
0.227
2.449
0.0
2.416
0.249
1.925
0.914
1.193
1.706
0.46900000000000003
2.274
0.016
2.473
0.069
2.213
0.5670000000000001
1.552
1.343
0.771
2.07
0.166
2.481
0.0
2.3970000000000002
0.332
1.836
0.982
1.087
1.788
0.355
2.352
0.016
2.479
0.146
2.105
0.716
1.415
1.449
0.645
2.169
0.098
2.498
0.0
2.321
0.398
1.74
1.123
0.9530000000000001
1.911
0.311
2.414
0.0
2.46
0.191
2.044
0.809
1.282
1.579
0.54
2.24
0.052000000000000005
2.508
0.039
2.278
0.494
1.623
1.2510000000000001
0.846
2.003
0.221
2.455
0.008
2.3930000000000002
0.278
1.907
0.917
1.166
1.71
0.422
2.316
0.003
2.497
0.10400000000000001
2.168
0.629
1.491
1.411
0.718
2.078
0.164
2.487
0.0
2.368
0.34800000000000003
1.826
1.045
1.037
1.841
0.372
2.373
0.0
2.481
0.155
2.097
0.741
1.3900000000000001
1.502
0.61
2.184
0.074
2.484
0.02
2.316
0.427
1.717
1.192
0.924
1.907
0.294
2.4
0.0
2.457
0.201
2.975
0.846
1.2790000000000001
1.598
0.517
2.262
0.045
2.495
0.065
2.25
0.531
1.573
1.29
0.792
2.033
0.197
2.458
0.006
2.403
0.276
1.887
0.967
1.115
1.741
0.39
2.345
0.012
2.498
0.106
2.142
0.656
1.44
1.419
0.68
2.154
0.129
2.486
0.0
2.337
0.377
1.788
1.108
0.981
1.881
0.32
2.399
0.012
2.439
0.168
2.049
0.784
1.339
1.577
0.556
2.204
0.07
2.503
0.052000000000000005
2.274
0.502
1.651
1.241
0.863
1.981
0.233
2.449
0.005
2.431
0.264
1.934
0.901
1.203
1.685
0.461
2.2920000000000003
0.041
2.494
0.07
2.187
0.585
1.51
1.365
0.743
2.086
0.15
2.488
0.0
2.39
0.307
1.857
1.032
1.056
1.79
0.396
2.35
0.023
2.494
0.113
2.136
0.6970000000000001
1.3960000000000001
1.475
0.668
2.152
0.107
2.494
0.01
2.322
0.423
1.76
1.1460000000000001
0.985
1.905
0.278
2.4090000000000003
0.0
2.47
0.188
2.0420000000000003
0.769
1.3800000000000001
1.564
0.5650000000000001
2.242
0.051000000000000004
2.519
0.048
2.2840000000000003
0.499
1.639
1.264
0.8170000000000001
1.996
0.187
2.457
0.014
2.416
0.28700000000000003
1.9020000000000001
0.928
1.17
1.739
0.41600000000000004
2.324
0.033
2.466
0.116
2.158
0.626
1.473
1.403
0.681
2.136
0.111
2.486
0.016
2.352
0.375
1.7830000000000001
1.103
0.98
1.868
0.301
2.403
0.018000000000000002
2.445
0.162
2.05
0.768
1.331
1.569
0.542
2.215
0.049
2.5180000000000002
0.058
2.258
0.518
1.647
1.2570000000000001
0.8260000000000001
2.012
0.215
2.436
0.007
2.4290000000000003
0.277
1.913
0.929
1.156
1.736
0.418
2.331
0.044
2.49
0.014
2.1750000000000003
0.614
1.494
1.3980000000000001
0.706
2.099
0.109
2.468
0.0
2.363
0.361
1.772
1.066
1.022
1.843
0.327
2.378
0.008
2.468
0.14400000000000002
2.05
0.752
1.341
1.544
0.581
2.212
0.083
2.495
0.02
2.286
0.48
1.6520000000000001
1.195
0.869
1.976
0.224
2.4290000000000003
0.0
2.45
0.228
1.939
0.912
1.185
1.68
0.45
2.3000000000000003
0.027
2.486
0.077
2.183
0.507
1.5150000000000001
1.332
0.722
2.055
0.163
2.449
0.0
2.402
0.304
1.832
1.014
1.09
1.7710000000000001
0.4
2.337
0.011
2.466
0.105
2.129
0.672
1.457
1.448
0.665
2.123
0.117
2.478
0.025
2.349
0.365
1.768
1.059
1.006
1.843
0.324
2.3810000000000002
0.026000000000000002
2.461
0.148
2.087
0.732
1.3780000000000001
1.401
0.616
2.179
0.081
2.503
0.035
2.312
0.42
1.688
1.162
0.9430000000000001
1.907
0.257
2.418
0.0
2.461
0.186
2.013
0.803
1.307
1.569
0.558
2.236
0.063
2.579
0.053
2.248
0.504
1.647
1.208
0.871
1.959
0.216
2.434
0.0
2.4090000000000003
0.232
1.987
0.854
1.217
1.6300000000000001
0.501
2.254
0.021
2.5060000000000002
0.058
2.224
0.527
1.587
1.29
0.787
2.0180000000000002
0.199
2.442
0.0
2.418
0.277
1.881
0.967
1.175
1.732
0.427
2.326
0.024
2.479
0.099
2.162
0.621
1.482
1.409
0.684
2.013
0.125
2.453
0.0
2.373
0.359
1.817
1.052
1.054
1.809
0.35000000000000003
2.371
0.009000000000000001
2.49
0.154
2.107
0.6950000000000001
1.37
1.5130000000000001
0.606
2.165
0.095
2.499
0.025
2.31
0.425
1.722
1.149
0.933
1.905
0.277
2.41
0.0
2.449
0.201
2.017
0.8140000000000001
1.293
1.569
0.54
2.224
0.068
2.468
0.04
2.281
0.485
1.653
1.23
0.855
1.981
0.20700000000000002
2.436
0.001
2.416
0.244
1.952
0.876
1.198
1.6560000000000001
0.451
2.278
0.059000000000000004
2.482
0.061
2.207
0.5640000000000001
1.561
1.312
0.785
2.044
0.161
2.467
0.0
2.3890000000000002
0.28600000000000003
1.8920000000000001
0.989
1.135
1.766
0.394
2.348
0.027
2.495
0.123
2.1550000000000002
0.659
1.45
1.414
0.776
2.11
0.128
2.494
0.019
2.328
0.369
1.79
1.091
1.0110000000000001
1.86
0.317
2.402
0.018000000000000002
2.461
0.178
2.075
0.758
1.362
1.559
0.593
2.193
0.066
2.495
0.026000000000000002
2.27
0.483
1.668
1.176
0.873
1.933
0.251
2.44
0.0
2.426
0.225
1.954
0.881
1.225
1.691
0.47700000000000004
2.266
0.009000000000000001
2.493
0.081
2.22
0.5660000000000001
1.562
1.356
0.776
2.06
0.16
2.455
0.0
2.3890000000000002
0.319
1.841
0.995
1.083
1.801
0.357
2.344
0.017
2.49
0.132
2.133
0.6980000000000001
1.42
1.464
0.647
2.158
0.11900000000000001
2.482
0.0
2.331
0.427
1.735
1.1300000000000001
0.9530000000000001
1.913
0.28200000000000003
2.415
0.0
2.44
0.106
2.028
0.794
1.317
1.597
0.531
2.242
0.051000000000000004
2.489
0.034
2.253
0.521
1.633
1.2590000000000001
0.864
1.981
0.215
2.428
0.003
2.4050000000000002
0.248
1.945
0.924
1.211
1.6640000000000001
0.464
2.313
0.03
2.5
0.062
2.191
0.593
1.538
1.345
0.763
2.062
0.169
2.46
0.0
2.392
0.335
1.813
1.0110000000000001
1.064
1.7670000000000001
0.369
2.357
0.0
2.489
0.117
2.098
0.6920000000000001
1.417
1.475
0.64
2.15
0.109
2.493
0.006
2.32
0.41500000000000004
1.735
1.145
0.9550000000000001
1.885
0.397
2.396
0.0
2.444
0.169
2.031
0.804
1.291
1.588
0.553
2.221
0.074
2.49
0.062
2.249
0.484
1.6440000000000001
1.22
0.879
1.975
0.216
2.42
0.0
2.423
0.247
1.952
0.903
1.204
1.668
0.46
2.297
0.074
2.507
0.046
2.228
0.5660000000000001
1.573
1.333
0.795
2.0420000000000003
0.162
2.468
0.0
2.395
0.309
1.849
0.971
1.099
1.752
0.41200000000000003
2.332
0.021
2.49
0.11
2.137
0.626
1.48
1.419
0.797
2.125
0.11900000000000001
2.478
0.027
2.365
0.352
1.795
1.05
1.0090000000000001
1.846
0.341
2.36
0.0
2.477
0.152
2.105
0.721
1.3980000000000001
1.481
0.614
2.2
0.08
2.482
0.041
2.291
0.46900000000000003
1.714
1.188
0.912
1.936
0.262
2.41
0.0
2.458
0.218
2.028
0.8160000000000001
1.2650000000000001
1.593
0.521
2.262
0.066
2.5020000000000002
0.04
2.258
0.543
1.598
1.24
0.842
1.984
0.211
2.449
0.0
2.416
0.267
1.946
0.907
1.206
1.669
0.456
2.291
0.034
2.489
0.096
2.203
0.5680000000000001
1.554
1.349
0.747
2.071
0.17
2.476
0.0
2.394
0.325
1.877
0.991
1.082
1.701
0.392
2.339
0.02
2.49
0.121
2.133
0.664
1.449
1.475
0.664
2.154
0.11800000000000001
2.473
0.016
2.334
0.361
1.776
1.075
0.975
1.864
0.315
2.361
0.008
2.474
0.186
2.072
0.769
1.337
1.554
0.578
2.204
0.062
2.49
0.046
2.286
0.445
1.6600000000000001
1.184
0.927
1.941
0.257
2.41
0.004
2.442
0.212
1.982
0.847
1.239
1.623
0.511
2.242
0.057
2.512
0.07200000000000001
2.236
0.527
1.581
1.304
0.8190000000000001
2.033
0.187
2.444
0.0
2.4010000000000002
0.273
1.8900000000000001
0.963
1.121
1.715
0.41200000000000003
2.317
0.0
2.484
0.11900000000000001
2.168
0.614
1.475
1.399
0.6910000000000001
2.029
0.151
2.444
0.02
2.37
0.342
1.778
1.053
1.034
1.831
0.362
2.384
0.0
2.479
0.16
2.102
0.705
1.361
1.5070000000000001
0.606
2.158
0.10400000000000001
2.494
0.04
2.315
0.423
1.718
1.174
0.921
1.905
0.264
2.423
0.0
2.432
0.216
1.987
0.8320000000000001
1.2610000000000001
1.6380000000000001
0.521
2.24
0.066
2.499
0.04
2.263
0.534
1.598
1.2750000000000001
0.8200000000000001
2.004
0.215
2.439
0.0
2.399
0.259
1.9120000000000001
0.9390000000000001
1.183
1.72
0.453
2.316
0.029
2.498
0.081
2.187
0.621
1.516
1.373
0.713
2.109
0.157
2.463
0.02
2.343
0.378
1.887
1.05
1.006
1.825
0.322
2.368
0.012
2.469
0.149
2.04
0.767
1.349
1.55
0.577
2.1750000000000003
0.069
2.505
0.037
2.2840000000000003
0.46900000000000003
1.668
1.206
0.854
1.965
0.223
2.428
0.006
2.436
0.264
1.965
0.895
1.17
1.672
0.44
2.21
0.037
2.5060000000000002
0.084
2.178
0.606
1.537
1.3880000000000001
0.73
2.102
0.14100000000000001
2.469
0.0
2.347
0.358
1.82
1.055
1.008
1.831
0.315
2.374
0.002
2.478
0.171
2.065
0.749
1.337
1.5310000000000001
0.585
2.209
0.051000000000000004
2.493
0.025
2.283
0.453
1.681
1.201
0.9
1.947
0.229
2.434
0.0
2.449
0.213
1.982
0.872
1.298
1.631
0.46
2.266
0.03
2.497
0.083
2.233
0.585
1.548
1.33
0.755
2.065
0.176
2.453
0.0
2.3810000000000002
0.322
1.853
1.014
1.087
1.81
0.35000000000000003
2.374
0.002
2.484
0.155
2.079
0.7000000000000001
1.373
1.486
0.622
2.1550000000000002
0.099
2.503
0.021
2.313
0.44
1.69
1.159
0.9400000000000001
1.891
0.275
2.422
0.005
2.455
0.20600000000000002
1.999
0.851
1.248
1.614
0.518
2.244
0.038
2.492
0.074
2.243
0.547
1.574
1.301
0.803
2.049
0.181
2.467
0.007
2.384
0.31
1.883
0.987
1.125
1.7590000000000001
0.41400000000000003
2.358
0.0
2.473
0.106
2.133
0.656
1.456
1.452
0.645
2.136
0.111
2.484
0.016
2.334
0.41000000000000003
1.747
1.106
0.968
1.8940000000000001
0.309
2.382
0.012
2.447
0.186
2.049
0.791
1.324
1.558
0.543
2.223
0.055
2.5060000000000002
0.02
2.271
0.51
1.639
1.232
0.872
1.951
0.233
2.442
0.005
2.415
0.228
1.946
0.891
1.224
1.669
0.441
2.286
0.045
2.503
0.084
2.186
0.606
1.554
1.365
0.763
2.067
0.169
2.465
0.0
2.387
0.318
1.838
0.984
1.077
1.7510000000000001
0.376
2.349
0.014
2.478
0.134
2.133
0.673
1.419
1.444
0.658
2.123
0.195
2.496
0.01
2.336
0.41000000000000003
1.745
1.088
0.964
1.855
0.327
2.37
0.0
2.481
0.17500000000000002
2.055
0.78
1.333
1.548
0.584
2.221
0.047
2.507
0.037
2.281
0.47400000000000003
1.6360000000000001
1.211
0.877
1.975
0.223
2.4170000000000003
0.001
2.416
0.229
1.954
0.874
1.203
1.6520000000000001
0.494
2.286
0.033
2.481
0.076
2.221
0.593
1.512
1.351
0.775
2.081
0.176
2.455
0.0
2.384
0.327
1.83
0.985
1.07
1.784
0.369
2.345
0.008
2.476
0.14100000000000001
2.125
0.682
1.435
1.478
0.64
2.152
0.11800000000000001
2.468
0.028
2.337
0.40800000000000003
1.729
1.103
0.9460000000000001
1.889
0.28800000000000003
2.392
0.005
2.474
0.169
2.027
0.784
1.285
1.572
0.56
2.228
0.062
2.474
0.041
2.257
0.501
1.672
1.216
0.8200000000000001
1.987
0.20700000000000002
2.434
0.007
2.4290000000000003
0.259
1.949
0.883
1.182
1.688
0.453
2.295
0.026000000000000002
2.486
0.096
2.189
0.59
1.5150000000000001
1.353
0.745
2.074
0.17400000000000002
2.463
0.018000000000000002
2.37
0.34
1.826
1.05
1.063
1.817
0.339
2.378
0.013000000000000001
2.484
0.113
2.091
0.6940000000000001
1.3880000000000001
1.491
0.61
2.157
0.08700000000000001
2.4
0.022
2.332
0.418
1.746
1.1340000000000001
0.9500000000000001
1.881
0.281
2.392
0.01
2.449
0.199
2.036
0.801
1.286
1.583
0.537
2.2520000000000002
0.049
2.5100000000000002
0.052000000000000005
2.247
0.519
1.614
1.264
0.79
2.096
0.20600000000000002
2.445
0.0
2.407
0.28300000000000003
1.901
0.9570000000000001
1.114
1.743
0.394
2.332
0.008
2.481
0.095
2.141
0.644
1.462
1.423
0.68
2.136
0.131
2.484
0.019
2.342
0.383
1.7850000000000001
1.076
1.016
1.854
0.318
2.387
0.004
2.464
0.182
2.06
0.769
1.34
1.544
0.552
2.212
0.053
2.503
0.053
2.265
0.496
1.653
1.224
0.843
1.981
0.211
2.444
0.0
2.42
0.267
1.942
0.9460000000000001
1.184
1.714
0.42
2.32
0.015
2.5
0.085
2.165
0.622
1.499
1.408
0.679
2.123
0.125
2.474
0.007
2.352
0.34600000000000003
1.778
1.056
1.025
1.862
0.328
2.373
0.004
2.458
0.182
2.073
0.761
1.333
1.55
0.554
2.22
0.085
2.476
0.037
2.295
0.49
1.655
1.232
0.884
1.972
0.249
2.444
0.0
2.406
0.245
1.949
0.904
1.197
1.685
0.47800000000000004
2.274
0.056
2.495
0.07100000000000001
2.196
0.5760000000000001
1.528
1.365
0.734
2.054
0.182
2.491
0.006
2.37
0.34400000000000003
1.832
1.041
1.035
1.79
0.356
2.371
0.0
2.484
0.125
2.108
0.727
1.3940000000000001
1.512