
0.811
2.2
2.281
0.885
0.001
0.8270000000000001
2.223
2.285
0.896
0.0
0.809
2.212
2.303
0.915
0.002
0.787
2.239
2.273
0.911
0.0
0.8270000000000001
2.234
2.275
0.921
0.013000000000000001
0.788
2.231
2.274
0.919
0.003
0.806
2.236
2.207
0.916
0.0
0.798
2.2
2.2680000000000002
0.908
0.0
0.784
2.221
2.2760000000000002
0.924
0.0
0.805
2.221
2.307
0.925
0.0
0.788
2.205
2.303
0.921
0.01
0.765
2.191
2.31
0.917
0.0
0.777
2.191
2.297
0.9450000000000001
0.0
0.76
2.201
2.315
0.924
0.0
0.759
2.206
2.305
0.9580000000000001
0.0
0.775
2.18
2.32
0.933
0.008
0.777
2.187
2.295
0.9580000000000001
0.0
0.759
2.183
2.3000000000000003
0.937
0.0
0.748
2.21
2.323
0.965
0.006
0.742
2.183
2.325
0.961
0.0
0.76
2.196
2.331
0.962
0.007
0.728
2.184
2.331
0.987
0.0
0.753
2.186
2.313
0.967
0.007
0.732
2.1710000000000003
2.32
0.979
0.006
0.739
2.17
2.321
0.999
0.009000000000000001
0.723
2.1710000000000003
2.35
1.0190000000000001
0.012
0.6930000000000001
2.144
2.35
1.0190000000000001
0.006
0.7000000000000001
2.15
2.353
1.0
0.018000000000000002
0.711
2.136
2.353
1.0210000000000001
0.0
0.773
2.14
2.365
1.029
0.0
0.6990000000000001
2.153
2.358
1.029
0.0
0.684
2.137
2.345
1.034
0.0
0.684
2.122
2.349
1.051
0.0
0.673
2.129
2.361
1.029
0.0
0.676
2.1310000000000002
2.375
1.05
0.0
0.663
2.12
2.353
1.062
0.004
0.643
2.103
2.365
1.071
0.041
0.678
2.121
2.357
1.07
0.014
0.647
2.097
2.368
1.064
0.0
0.64
2.122
2.365
1.091
0.03
0.651
2.11
2.37
1.082
0.02
0.647
2.191
2.358
1.075
0.009000000000000001
0.632
2.091
2.371
1.102
0.004
0.62
2.104
2.371
1.094
0.02
0.624
2.082
2.371
1.133
0.029
0.634
2.097
2.481
1.102
0.008
0.598
2.065
2.378
1.12
0.015
0.623
2.06
2.403
1.117
0.026000000000000002
0.612
2.063
2.403
1.116
0.032
0.614
2.067
2.407
1.1460000000000001
0.034
0.617
2.044
2.3970000000000002
1.151
0.012
0.583
2.054
2.415
1.158
0.039
0.5740000000000001
2.057
2.41
1.159
0.012
0.586
2.036
2.492
1.1480000000000001
0.038
0.542
2.071
2.316
1.145
0.037
0.562
2.036
2.418
1.149
0.024
0.577
2.053
2.411
1.188
0.016
0.556
2.047
2.403
1.183
0.023
0.554
2.0420000000000003
2.431
1.185
0.022
0.5760000000000001
2.029
2.4010000000000002
1.193
0.045
0.546
2.0380000000000003
2.404
1.185
0.037
0.54
2.0180000000000002
2.376
1.172
0.017
0.56
2.036
2.41
1.172
0.043000000000000003
0.554
2.0340000000000003
2.3970000000000002
1.194
0.048
0.547
2.028
2.423
1.169
0.049
0.534
2.012
2.41
1.189
0.051000000000000004
0.544
2.0100000000000002
2.4210000000000003
1.22
0.045
0.535
2.001
2.416
1.192
0.077
0.55
2.017
2.43
1.222
0.035
0.523
1.988
2.422
1.217
0.029
0.532
1.996
2.437
1.211
0.027
0.546
2.004
2.415
1.207
0.053
0.551
1.99
2.42
1.222
0.022
0.526
1.997
2.431
1.22
0.039
0.547
2.039
2.416
1.205
0.056
0.535
1.983
2.416
1.234
0.033
0.528
1.979
2.432
1.216
0.056
0.537
1.981
2.432
1.245
0.066
0.591
1.987
2.438
1.2530000000000001
0.066
0.518
1.962
2.445
1.236
0.051000000000000004
0.506
1.979
2.44
1.264
0.053
0.48
1.944
2.449
1.2690000000000001
0.058
0.502
1.944
2.423
1.2510000000000001
0.074
0.498
1.962
2.4210000000000003
1.294
0.078
0.501
1.949
2.455
1.282
0.073
0.47300000000000003
1.95
2.453
1.278
0.079
0.481
1.962
2.458
1.302
0.059000000000000004
0.468
1.941
2.465
1.308
0.081
0.482
1.931
2.439
1.287
0.083
0.485
1.968
2.431
1.28
0.08700000000000001
0.46900000000000003
1.915
2.438
1.295
0.082
0.47300000000000003
1.9180000000000001
2.464
1.307
0.08700000000000001
0.47100000000000003
1.93
2.453
1.306
0.078
0.438
1.921
2.455
1.323
0.063
0.439
1.921
2.461
1.304
0.064
0.453
1.9040000000000001
2.447
1.307
0.08700000000000001
0.443
1.9160000000000001
2.445
1.333
0.098
0.431
1.8940000000000001
2.468
1.314
0.11
0.44
1.905
2.468
1.331
0.083
0.449
1.901
2.47
1.353
0.08700000000000001
0.426
1.909
2.465
1.337
0.082
0.431
1.9120000000000001
2.455
1.336
0.098
0.431
1.8880000000000001
2.453
1.348
0.078
0.428
1.9100000000000001
2.46
1.336
0.088
0.41200000000000003
1.889
2.446
1.365
0.081
0.422
1.901
2.436
1.353
0.094
0.406
1.871
2.478
1.324
0.08700000000000001
0.419
1.8940000000000001
2.442
1.359
0.091
0.406
1.871
2.46
1.354
0.094
0.428
1.862
2.474
1.359
0.10400000000000001
0.406
1.859
2.457
1.372
0.101
0.306
1.866
2.461
1.371
0.093
0.381
1.816
2.474
1.4040000000000001
0.124
0.368
1.861
2.484
1.416
0.094
0.495
1.848
2.457
1.415
0.12
0.377
1.83
2.481
1.419
0.117
0.37
1.809
2.471
1.427
0.107
0.377
1.829
2.478
1.435
0.124
0.374
1.793
2.492
1.448
0.115
0.333
1.7890000000000001
2.464
1.44
0.151
0.343
1.7810000000000001
2.503
1.465
0.126
0.403
1.793
2.482
1.448
0.131
0.362
1.768
2.461
1.455
0.132
0.34800000000000003
1.7550000000000001
2.449
1.484
0.139
0.319
1.776
2.479
1.47
0.149
0.34400000000000003
1.768
2.472
1.475
0.166
0.323
1.7790000000000001
2.481
1.495
0.157
0.315
1.744
2.487
1.5270000000000001
0.17400000000000002
0.307
1.744
2.482
1.499
0.17400000000000002
0.29
1.735
2.505
1.536
0.179
0.311
1.723
2.497
1.549
0.146
0.308
1.73
2.494
1.546
0.194
0.281
1.71
2.491
1.549
0.18
0.299
1.718
2.507
1.542
0.17200000000000001
0.264
1.717
2.507
1.541
0.20600000000000002
0.259
1.697
2.5180000000000002
1.578
0.179
0.28600000000000003
1.683
2.5
1.578
0.193
0.28
1.702
2.503
1.565
0.19
0.246
1.6620000000000001
2.516
1.594
0.194
0.244
1.68
2.494
1.61
0.221
0.25
1.649
2.497
1.586
0.203
0.261
1.657
2.494
1.618
0.23600000000000002
0.224
1.623
2.466
1.619
0.232
0.23
1.625
2.503
1.639
0.23
0.232
1.627
2.5100000000000002
1.614
0.244
0.226
1.609
2.507
1.6540000000000001
0.25
0.23
1.61
2.513
1.667
0.23600000000000002
0.20700000000000002
1.614
2.489
1.651
0.23600000000000002
0.20600000000000002
1.593
2.492
1.68
0.252
0.211
1.578
2.481
1.7
0.275
0.211
1.565
2.482
1.689
0.257
0.171
1.57
2.513
1.6640000000000001
0.294
0.22
1.539
2.5
1.722
0.292
0.17300000000000001
1.543
2.484
1.72
0.294
0.171
1.549
2.49
1.709
0.292
0.166
1.544
2.5
1.744
0.28700000000000003
0.188
1.514
2.5100000000000002
1.721
0.298
0.168
1.502
2.489
1.731
0.317
0.17
1.496
2.478
1.756
0.303
0.146
1.514
2.492
1.7650000000000001
0.336
0.162
1.5
2.496
1.7750000000000001
0.314
0.134
1.5010000000000001
2.594
1.754
0.311
0.132
1.485
2.463
1.764
0.315
0.129
1.464
2.482
1.7650000000000001
0.328
0.146
1.443
2.473
1.801
0.333
0.129
1.462
2.49
1.7910000000000001
0.355
0.128
1.468
2.468
1.81
0.355
0.13
1.451
2.478
1.807
0.361
0.12
1.464
2.487
1.801
0.342
0.14300000000000002
1.432
2.498
1.807
0.35100000000000003
0.154
1.446
2.465
1.821
0.36
0.107
1.432
2.465
1.796
0.381
0.13
1.414
2.449
1.83
0.368
0.135
1.419
2.492
1.826
0.369
0.106
1.423
2.479
1.849
0.387
0.11
1.407
2.455
1.823
0.377
0.126
1.3960000000000001
2.483
1.872
0.391
0.106
1.473
2.473
1.8780000000000001
0.384
0.097
1.379
2.461
1.867
0.39
0.10300000000000001
1.3860000000000001
2.449
1.857
0.394
0.083
1.356
2.466
1.863
0.40800000000000003
0.083
1.372
2.449
1.862
0.41400000000000003
0.107
1.337
2.466
1.8780000000000001
0.423
0.183
1.334
2.463
1.883
0.426
0.079
1.328
2.484
1.8800000000000001
0.41600000000000004
0.1
1.349
2.452
1.9100000000000001
0.434
0.058
1.349
2.468
1.926
0.447
0.092
1.303
2.461
1.929
0.47500000000000003
0.09
1.314
2.436
1.928
0.446
0.07
1.317
2.473
1.951
0.47200000000000003
0.07100000000000001
1.285
2.442
1.946
0.47100000000000003
0.077
1.2690000000000001
2.452
1.949
0.47000000000000003
0.083
1.2530000000000001
2.436
1.946
0.59
0.042
1.278
2.432
1.959
0.507
0.067
1.243
2.423
1.993
0.49
0.07
1.254
2.442
1.983
0.493
0.039
1.245
2.435
1.976
0.518
0.058
1.248
2.42
1.975
0.512
0.06
1.224
2.438
1.978
0.523
0.039
1.228
2.436
2.984
0.537
0.056
1.206
2.439
2.009
0.528
0.053
1.193
2.41
1.996
0.548
0.049
1.189
2.4290000000000003
1.998
0.546
0.058
1.214
2.422
2.031
0.557
0.038
1.18
2.422
2.013
0.5700000000000001
0.052000000000000005
1.191
2.424
2.0380000000000003
0.558
0.041
1.178
2.396
2.049
0.578
0.033
1.168
2.3810000000000002
2.058
0.584
0.041
1.1460000000000001
2.41
2.049
0.5740000000000001
0.047
1.137
2.4
2.047
0.597
0.023
1.127
2.39
2.062
0.5730000000000001
0.016
1.156
2.384
2.068
0.61
0.02
1.133
2.441
2.074
0.591
0.014
1.108
2.386
2.071
0.601
0.039
1.123
2.387
2.067
0.614
0.037
1.1380000000000001
2.379
2.077
0.593
0.008
1.1
2.382
2.087
0.609
0.014
1.1
2.407
2.092
0.619
0.014
1.096
2.387
2.07
0.63
0.029
1.12
2.3810000000000002
2.083
0.625
0.0
1.101
2.3890000000000002
2.082
0.621
0.0
1.087
2.378
2.087
0.646
0.006
1.069
2.368
2.105
0.646
0.0
1.079
2.361
2.104
0.659
0.021
1.045
2.347
2.114
0.655
0.0
1.075
2.357
2.118
0.678
0.016
1.075
2.363
2.116
0.662
0.0
1.034
2.365
2.116
0.682
0.02
1.034
2.328
2.11
0.672
0.0
1.041
2.345
2.132
0.684
0.0
1.034
2.365
2.146
0.6900000000000001
0.02
1.056
2.35
2.137
0.675
0.01
1.037
2.37
2.129
0.6980000000000001
0.015
1.028
2.351
2.1390000000000002
0.6980000000000001
0.0
1.0
2.355
2.154
0.6890000000000001
0.01
1.09
2.329
2.154
0.6900000000000001
0.001
1.0010000000000001
2.347
2.1550000000000002
0.706
0.024
1.014
2.356
2.1630000000000003
0.715
0.0
1.004
2.35
2.16
0.733
0.013000000000000001
0.908
2.323
2.179
0.705
0.0
1.0010000000000001
2.321
2.1630000000000003
0.734
0.009000000000000001
0.977
2.332
2.164
0.742
0.003
0.964
2.324
2.146
0.743
0.0
0.9490000000000001
2.315
2.191
0.727
0.0
0.967
2.31
2.183
0.751
0.008
0.971
2.307
2.2
0.758
0.0
0.937
2.302
2.205
0.745
0.0
0.929
2.312
2.185
0.763
0.0
0.903
2.278
2.199
0.774
0.0
0.9380000000000001
2.278
2.22
0.791
0.0
0.915
2.2840000000000003
2.228
0.792
0.0
0.896
2.27
2.233
0.8130000000000001
0.0
0.903
2.307
2.232
0.718
0.0
0.911
2.294
2.229
0.805
0.0
0.885
2.274
2.22
0.798
0.0
0.895
2.271
2.213
0.8210000000000001
0.0
0.892
2.263
2.229
0.841
0.0
0.865
2.262
2.231
0.85
0.0
0.875
2.2760000000000002
2.258
0.84
0.0
0.865
2.271
2.255
0.863
0.003
0.847
2.262
2.257
0.867
0.0
0.88
2.233
2.2600000000000002
0.855
0.0
0.834
2.237
2.2680000000000002
0.851
0.0
0.857
2.241
2.2600000000000002
0.85
0.0
0.838
2.229
2.262
0.891
0.0
0.8170000000000001
2.242
2.258
0.875
0.007
0.8250000000000001
2.228
2.2920000000000003
0.888
0.0
0.809
2.2560000000000002
2.3000000000000003
0.906
0.004
0.811
2.226
2.2640000000000002
0.901
0.0
0.805
2.226
2.2760000000000002
0.898
0.0
0.888
2.226
2.298
0.925
0.0
0.809
2.196
2.287
0.917
0.0
0.796
2.232
2.286
0.9420000000000001
0.0
0.766
2.212
2.317
0.914
0.0
0.763
2.2
2.283
0.9550000000000001
0.0
0.78
2.194
2.2920000000000003
0.9550000000000001
0.0
0.779
2.21
2.319
0.9510000000000001
0.0
0.768
2.197
2.3000000000000003
0.961
0.007
0.743
2.187
2.324
0.9530000000000001
0.0
0.73
2.191
2.298
0.961
0.008
0.757
2.194
2.315
0.964
0.0
0.75
2.165
2.324
0.967
0.029
0.743
2.186
2.32
0.967
0.0
0.755
2.17
2.309
0.975
0.01
0.736
2.16
2.301
0.992
0.015
0.737
2.178
2.338
0.977
0.0
0.74
2.1710000000000003
2.334
0.972
0.0
0.716
2.1750000000000003
2.349
0.988
0.003
0.717
2.174
2.339
1.0090000000000001
0.0
0.733
2.1470000000000002
2.336
1.043
0.0
0.721
2.146
2.339
1.022
0.012
0.716
2.15
2.344
1.0090000000000001
0.0
0.708
2.138
2.361
1.041
0.007
0.705
2.158
2.345
1.0210000000000001
0.0
0.6930000000000001
2.1550000000000002
2.353
1.048
0.0
0.674
2.121
2.352
1.033
0.0
0.673
2.115
2.371
1.049
0.0
0.662
2.12
2.35
1.041
0.004
0.651
2.112
2.348
1.082
0.0
0.669
2.116
2.376
1.069
0.002
0.66
2.104
2.352
1.091
0.004
0.625
2.106
2.395
1.103
0.001
0.634
2.073
2.376
1.114
0.043000000000000003
0.632
2.096
2.371
1.104
0.019
0.633
2.087
2.392
1.135
0.009000000000000001
0.618
2.091
2.371
1.105
0.021
0.607
2.058
2.407
1.1420000000000001
0.024
0.597
2.054
2.378
1.164
0.037
0.595
2.068
2.399
1.155
0.041
0.501
2.054
2.4090000000000003
1.141
0.015
0.577
2.064
2.386
1.1520000000000001
0.037
0.593
2.052
2.39
1.167
0.012
0.5640000000000001
2.039
2.392
1.154
0.039
0.582
2.02
2.416
1.151
0.037
0.556
2.044
2.41
1.185
0.029
0.554
2.021
2.428
1.185
0.039
0.556
2.0180000000000002
2.4050000000000002
1.191
0.02
0.56
2.031
2.422
1.177
0.024
0.532
2.004
2.402
1.172
0.037
0.552
2.007
2.403
1.191
0.041
0.556
1.991
2.424
1.203
0.045
0.547
1.996
2.407
1.2
0.044
0.555
1.999
2.42
1.207
0.07
0.542
1.992
2.423
1.217
0.023
0.532
2.012
2.41
1.217
0.044
0.514
1.994
2.428
1.212
0.044
0.524
1.968
2.4290000000000003
1.219
0.051000000000000004
0.531
2.071
2.41
1.243
0.053
0.515
1.971
2.444
1.22
0.042
0.41600000000000004
1.979
2.423
1.233
0.038
0.506
1.979
2.42
1.27
0.073
0.485
1.988
2.418
1.2590000000000001
0.035
0.504
1.975
2.442
1.266
0.075
0.502
1.971
2.442
1.276
0.064
0.499
1.955
2.457
1.266
0.074
0.47300000000000003
1.942
2.448
1.2510000000000001
0.051000000000000004
0.464
1.963
2.441
1.2730000000000001
0.04
0.484
1.941
2.442
1.292
0.07200000000000001
0.489
1.941
2.465
1.288
0.082
0.46900000000000003
1.933
2.436
1.288
0.079
0.458
1.928
2.455
1.303
0.061
0.47200000000000003
1.928
2.457
1.295
0.08700000000000001
0.452
1.915
2.436
1.306
0.056
0.464
1.925
2.452
1.295
0.078
0.438
1.917
2.445
1.318
0.065
0.463
1.939
2.436
1.323
0.084
0.445
1.913
2.449
1.299
0.121
0.449
1.917
2.44
1.304
0.078
0.455
1.99
2.436
1.33
0.074
0.457
1.8940000000000001
2.461
1.311
0.074
0.447
1.9040000000000001
2.445
1.336
0.066
0.434
1.9120000000000001
2.439
1.313
0.095
0.431
1.907
2.471
1.333
0.10300000000000001
0.447
1.922
2.444
1.341
0.095
0.431
1.907
2.468
1.346
0.07100000000000001
0.439
1.926
2.442
1.359
0.081
0.428
1.8960000000000001
2.461
1.368
0.078
0.41500000000000004
1.901
2.461
1.357
0.08
0.419
1.881
2.468
1.372
0.10300000000000001
0.383
1.8860000000000001
2.47
1.374
0.09
0.426
1.8800000000000001
2.455
1.353
0.098
0.41600000000000004
1.871
2.479
1.3900000000000001
0.112
0.403
1.867
2.47
1.4040000000000001
0.116
0.419
1.849
2.451
1.3900000000000001
0.116
0.4
1.859
2.461
1.4040000000000001
0.12
0.381
1.831
2.492
1.3940000000000001
0.112
0.375
1.809
2.478
1.416
0.10300000000000001
0.392
1.838
2.465
1.413
0.116
0.364
1.838
2.487
1.409
0.107
0.361
1.83
2.465
1.417
0.13
0.369
1.796
2.494
1.423
0.148
0.361
1.82
2.5
1.451
0.116
0.34800000000000003
1.816
2.476
1.444
0.137
0.361
1.801
2.474
1.43
0.112
0.353
1.796
2.471
1.44
0.128
0.339
1.7910000000000001
2.479
1.422
0.14
0.332
1.784
2.471
1.467
0.127
0.314
1.802
2.495
1.455
0.135
0.327
1.7670000000000001
2.494
1.49
0.157
0.331
1.7670000000000001
2.494
1.49
0.153
0.34600000000000003
1.762
2.495
1.465
0.156
0.341
1.7810000000000001
2.494
1.45
0.145
0.333
1.7830000000000001
2.467
1.481
0.161
0.319
1.7750000000000001
2.474
1.467
0.166
0.329
1.744
2.495
1.486
0.14
0.303
1.758
2.474
1.5030000000000001
0.165
0.294
1.743
2.489
1.516
0.177
0.327
1.722
2.49
1.545
0.18
0.305
1.729
2.473
1.52
0.171
0.28300000000000003
1.738
2.5020000000000002
1.5090000000000001
0.17300000000000001
0.28300000000000003
1.71
2.478
1.544
0.163
0.3
1.715
2.482
1.5350000000000001
0.195
0.28800000000000003
1.691
2.461
1.549
0.17
0.279
1.713
2.498
1.549
0.20600000000000002
0.28200000000000003
1.707
2.495
1.585
0.21
0.276
1.68
2.478
1.601
0.20800000000000002
0.252
1.691
2.5180000000000002
1.563
0.211
0.26
1.673
2.482
1.585
0.201
0.245
1.6540000000000001
2.5
1.504
0.216
0.265
1.6520000000000001
2.487
1.586
0.22
0.23700000000000002
1.661
2.503
1.61
0.213
0.254
1.6300000000000001
2.503
1.604
0.215
0.254
1.659
2.503
1.623
0.212
0.261
1.6460000000000001
2.5060000000000002
1.598
0.214
0.255
1.6540000000000001
2.495
1.6320000000000001
0.231
0.228
1.618
2.482
1.633
0.214
0.23600000000000002
1.6300000000000001
2.474
1.6420000000000001
0.227
0.23500000000000001
1.633
2.487
1.609
0.22
0.244
1.614
2.482
1.631
0.219
0.229
1.627
2.489
1.6360000000000001
0.23700000000000002
0.232
1.601
2.476
1.6520000000000001
0.251
0.242
1.604
2.479
1.6300000000000001
0.233
0.223
1.605
2.487
1.651
0.257
0.232
1.617
2.494
1.668
0.26
0.186
1.577
2.492
1.657
0.246
0.198
1.583
2.484
1.694
0.271
0.186
1.585
2.482
1.676
0.275
0.17
1.575
2.5140000000000002
1.685
0.254
0.20600000000000002
1.541
2.484
1.691
0.262
0.196
1.572
2.474
1.72
0.28500000000000003
0.19
1.5330000000000001
2.496
1.704
0.269
0.177
1.547
2.492
1.709
0.28700000000000003
0.181
1.544
2.484
1.706
0.292
0.136
1.5350000000000001
2.483
1.736
0.276
0.178
1.5170000000000001
2.539
1.723
0.315
0.157
1.5310000000000001
2.494
1.7550000000000001
0.314
0.17500000000000002
1.49
2.496
1.739
0.34
0.171
1.5010000000000001
2.474
1.762
0.319
0.167
1.5070000000000001
2.494
1.76
0.331
0.132
1.481
2.476
1.754
0.338
0.132
1.493
2.49
1.78
0.33
0.166
1.456
2.467
1.799
0.329
0.132
1.454
2.482
1.809
0.36
0.122
1.439
2.497
1.817
0.352
0.145
1.441
2.47
1.793
0.34
0.112
1.462
2.49
1.797
0.357
0.108
1.448
2.466
1.83
0.36
0.124
1.458
2.466
1.822
0.374
0.14100000000000001
1.437
2.494
1.843
0.384
0.105
1.433
2.478
1.847
0.378
0.10400000000000001
1.417
2.484
1.851
0.369
0.109
1.393
2.487
1.855
0.365
0.12
1.391
2.457
1.833
0.389
0.112
1.391
2.466
1.844
0.398
0.096
1.393
2.465
1.831
0.395
0.106
1.3900000000000001
2.449
1.881
0.399
0.075
1.3880000000000001
2.44
1.8760000000000001
0.402
0.101
1.358
2.455
1.8840000000000001
0.401
0.094
1.3800000000000001
2.474
1.865
0.422
0.093
1.332
2.461
1.887
0.424
0.08600000000000001
1.374
2.475
1.8800000000000001
0.432
0.075
1.36
2.465
1.877
0.41400000000000003
0.101
1.333
2.469
1.8840000000000001
0.443
0.10300000000000001
1.335
2.447
1.909
0.41600000000000004
0.061
1.305
2.451
1.887
0.431
0.078
1.34
2.468
1.9060000000000001
0.445
0.095
1.333
2.461
1.917
0.454
0.084
1.299
2.442
1.907
0.461
0.07100000000000001
1.301
2.469
1.952
0.465
0.07200000000000001
1.293
2.436
1.926
0.47000000000000003
0.062
1.2770000000000001
2.432
1.957
0.47000000000000003
0.041
1.2770000000000001
2.4290000000000003
1.964
0.491
0.047
1.284
2.442
1.949
0.487
0.043000000000000003
1.242
2.449
1.973
0.499
0.07
1.266
2.434
1.983
0.482
0.067
1.234
2.423
1.986
0.502
0.053
1.2530000000000001
2.439
1.991
0.514
0.032
1.235
2.416
1.992
0.531
0.051000000000000004
1.214
2.42
2.005
0.524
0.06
1.219
2.442
1.999
0.518
0.053
1.191
2.4290000000000003
1.996
0.523
0.034
1.21
2.4170000000000003
2.025
0.555
0.056
1.211
2.407
2.016
0.537
0.05
1.192
2.414
2.036
0.546
0.019
1.16
2.408
2.025
0.56
0.043000000000000003
1.19
2.41
2.017
0.581
0.041
1.166
2.41
2.036
0.581
0.016
1.17
2.41
2.055
0.56
0.021
1.167
2.4170000000000003
2.055
0.595
0.034
1.1520000000000001
2.386
2.036
0.582
0.018000000000000002
1.1300000000000001
2.403
2.048
0.6
0.012
1.145
2.407
2.063
0.594
0.026000000000000002
1.145
2.395
2.079
0.611
0.038
1.145
2.3810000000000002
2.057
0.595
0.032
1.101
2.396
2.092
0.619
0.021
1.127
2.37
2.081
0.63
0.026000000000000002
1.124
2.378
2.075
0.635
0.025
1.141
2.386
2.076
0.61
0.023
1.119
2.395
2.078
0.619
0.029
1.088
2.371
2.1
0.627
0.0
1.098
2.3810000000000002
2.107
0.648
0.0
1.08
2.358
2.103
0.643
0.011
1.067
2.368
2.112
0.64
0.0
1.091
2.36
2.105
0.641
0.024
1.071
2.35
2.11
0.677
0.007
1.053
2.36
2.092
0.65
0.019
1.034
2.357
2.115
0.673
0.024
1.058
2.341
2.128
0.673
0.019
1.0210000000000001
2.355
2.133
0.6880000000000001
0.0
1.031
2.328
2.158
0.6930000000000001
0.0
1.02
2.335
2.148
0.716
0.0
1.0090000000000001
2.308
2.165
0.6940000000000001
0.006
0.996
2.318
2.1710000000000003
0.715
0.009000000000000001
0.994
2.339
2.165
0.747
0.009000000000000001
0.994
2.324
2.1710000000000003
0.731
0.012
0.975
2.332
2.191
0.747
0.015
0.9500000000000001
2.311
2.197
0.755
0.0
0.9380000000000001
2.323
2.184
0.759
0.0
0.9470000000000001
2.312
2.213
0.772
0.0
0.935
2.3970000000000002
2.203
0.792
0.008
0.927
2.281
2.199
0.806
0.0
0.903
2.274
2.226
0.808
0.0
0.875
2.2840000000000003
2.249
0.8210000000000001
0.0
0.88
2.283
2.224
0.8300000000000001
0.0
0.878
2.273
2.242
0.853
0.0
0.858
2.255
2.262
0.8290000000000001
0.0
0.875
2.255
2.267
0.881
0.0
0.838
2.263
2.2680000000000002
0.863
0.0
0.834
2.245
2.279
0.859
0.0
0.8290000000000001
2.245
2.262
0.888
0.0
0.8280000000000001
2.224
2.274
0.895
0.0
0.8130000000000001
2.216
2.2760000000000002
0.917
0.0
0.795
2.213
2.273
0.92
0.0
0.785
2.221
2.209
0.9550000000000001
0.0
0.792
2.207
2.307
0.9530000000000001
0.002
0.759
2.191
2.297
0.9550000000000001
0.0
0.772
2.1750000000000003
2.329
0.982
0.008
0.734
2.187
2.316
0.986
0.004
0.734
2.176
2.342
0.99
0.0
0.718
2.168
2.329
0.988
0.02
0.743
2.1550000000000002
2.341
1.016
0.003
0.7000000000000001
2.158
2.342
1.016
0.0
0.7030000000000001
2.121
2.339
1.035
0.01
0.6980000000000001
2.134
2.334
1.049
0.0
0.678
2.1
2.361
1.063
0.001
0.682
2.1310000000000002
2.351
1.038
0.0
0.648
2.112
2.379
1.08
0.012
0.655
2.084
2.368
1.074
0.0
0.634
2.087
2.363
1.087
0.003
0.636
2.088
2.37
1.098
0.026000000000000002
0.612
2.067
2.3890000000000002
1.004
0.03
0.6
2.073
2.3810000000000002
1.111
0.0
0.613
2.078
2.3970000000000002
1.113
0.017
0.585
2.06
2.41
1.1460000000000001
0.025
0.5700000000000001
2.0380000000000003
2.402
1.145
0.039
0.579
2.054
2.42
1.183
0.043000000000000003
0.581
2.036
2.395
1.154
0.037
0.59
2.028
2.411
1.195
0.012
0.5690000000000001
2.009
2.423
1.209
0.02
0.558
2.007
2.42
1.201
0.04
0.539
2.008
2.437
1.214
0.041
0.538
2.009
2.426
1.227
0.063
0.524
2.015
2.436
1.232
0.043000000000000003
0.523
1.988
2.414
1.233
0.063
0.522
1.994
2.42
1.203
0.065
0.523
1.988
2.437
1.254
0.045
0.488
1.961
2.432
1.241
0.037
0.506
1.967
2.44
1.256
0.045
0.47400000000000003
1.946
2.432
1.249
0.051000000000000004
0.489
1.956
2.423
1.278
0.074
0.492
1.925
2.449
1.262
0.069
0.47500000000000003
1.932
2.455
1.283
0.07200000000000001
0.464
1.955
2.455
1.291
0.083
0.485
1.944
2.455
1.29
0.059000000000000004
0.464
1.934
2.457
1.295
0.085
0.47300000000000003
1.913
2.464
1.299
0.093
0.435
1.92
2.445
1.322
0.062
0.464
1.928
2.468
1.316
0.051000000000000004
0.447
1.92
2.461
1.315
0.082
0.41600000000000004
1.9180000000000001
2.453
1.322
0.097
0.429
1.8920000000000001
2.471
1.371
0.083
0.424
1.9040000000000001
2.471
1.356
0.099
0.40900000000000003
1.9060000000000001
2.455
1.356
0.09
0.41500000000000004
1.873
2.442
1.362
0.085
0.419
1.8840000000000001
2.474
1.3800000000000001
0.115
0.403
1.881
2.478
1.3820000000000001
0.099
0.417
1.851
2.476
1.3900000000000001
0.10300000000000001
0.398
1.867
2.486
1.411
0.123
0.398
1.847
2.482
1.393
0.11900000000000001
0.384
1.839
2.46
1.397
0.133
0.368
1.844
2.471
1.4060000000000001
0.106
0.377
1.812
2.481
1.43
0.13
0.391
1.831
2.488
1.43
0.136
0.377
1.825
2.479
1.426
0.113
0.343
1.804
2.461
1.44
0.135
0.353
1.807
2.5
1.436
0.116
0.372
1.807
2.486
1.429
0.124
0.361
1.7810000000000001
2.495
1.465
0.148
0.336
1.786
2.497
1.448
0.132
0.334
1.7870000000000001
2.484
1.469
0.13
0.35000000000000003
1.76
2.469
1.483
0.134
0.334
1.776
2.481
1.5090000000000001
0.139
0.335
1.77
2.476
1.491
0.149
0.313
1.739
2.468
1.488
0.14
0.315
1.7670000000000001
2.503
1.518
0.17400000000000002
0.294
1.731
2.497
1.5230000000000001
0.181
0.293
1.733
2.485
1.5230000000000001
0.17
0.301
1.717
2.493
1.5290000000000001
0.176
0.28800000000000003
1.738
2.485
1.565
0.18
0.28500000000000003
1.723
2.484
1.545
0.196
0.294
1.707
2.461
1.546
0.198
0.262
1.689
2.492
1.577
0.18
0.275
1.704
2.47
1.581
0.211
0.278
1.701
2.5
1.56
0.187
0.269
1.67
2.498
1.591
0.195
0.26
1.674
2.494
1.61
0.193
0.258
1.666
2.478
1.598
0.232
0.264
1.623
2.489
1.598
0.20600000000000002
0.257
1.6600000000000001
2.507
1.622
0.20800000000000002
0.23700000000000002
1.631
2.49
1.627
0.24
0.248
1.609
2.479
1.613
0.241
0.23500000000000001
1.615
2.505
1.6360000000000001
0.221
0.20400000000000001
1.619
2.49
1.6280000000000001
0.232
0.214
1.603
2.503
1.699
0.253
0.199
1.614
2.492
1.6360000000000001
0.257
0.218
1.59
2.505
1.639
0.254
0.226
1.596
2.487
1.665
0.253
0.186
1.596
2.497
1.661
0.264
0.182
1.591
2.495
1.674
0.248
0.184
1.583
2.5
1.703
0.269
0.20600000000000002
1.575
2.5
1.693
0.271
0.18
1.564
2.481
1.725
0.20500000000000002
0.17500000000000002
1.5250000000000001
2.474
1.691
0.27
0.17
1.549
2.486
1.718
0.291
0.192
1.5150000000000001
2.5020000000000002
1.71
0.303
0.183
1.5190000000000001
2.503
1.722
0.298
0.17400000000000002
1.5030000000000001
2.5
1.745
0.306
0.158
1.5170000000000001
2.473
1.76
0.303
0.14100000000000001
1.51
2.478
1.7750000000000001
0.309
0.169
1.504
2.468
1.77
0.307
0.165
1.488
2.47
1.7690000000000001
0.307
0.145
1.447
2.5
1.793
0.34
0.14300000000000002
1.44
2.494
1.806
0.352
0.145
1.465
2.482
1.79
0.367
0.145
1.438
2.469
1.796
0.34500000000000003
0.098
1.413
2.478
1.825
0.352
0.132
1.4000000000000001
2.466
1.833
0.375
0.107
1.42
2.458
1.851
0.386
0.117
1.415
2.454
1.849
0.392
0.116
1.417
2.467
1.843
0.379
0.122
1.3840000000000001
2.468
1.868
0.41000000000000003
0.09
1.372
2.474
1.873
0.395
0.078
1.3900000000000001
2.455
1.883
0.395
0.095
1.344
2.471
1.8900000000000001
0.423
0.084
1.37
2.461
1.8860000000000001
0.422
0.095
1.377
2.442
1.872
0.334
0.081
1.353
2.46
1.897
0.423
0.101
1.364
2.465
1.8960000000000001
0.418
0.08700000000000001
1.327
2.445
1.922
0.452
0.067
1.325
2.44
1.824
0.448
0.057
1.319
2.464
1.946
0.454
0.045
1.207
2.451
1.951
0.45
0.061
1.293
2.438
1.947
0.468
0.078
1.3860000000000001
2.449
1.959
0.481
0.058
1.2650000000000001
2.428
1.962
0.47800000000000004
0.048
1.245
2.431
1.957
0.503
0.066
1.238
2.4210000000000003
1.96
0.505
0.028
1.229
2.436
1.972
0.533
0.058
1.22
2.438
1.979
0.508
0.051000000000000004
1.224
2.416
1.986
0.523
0.038
1.193
2.4130000000000003
2.005
0.553
0.053
1.217
2.403
2.005
0.558
0.039
1.204
2.402
1.973
0.548
0.03
1.169
2.4
2.021
0.55
0.025
1.18
2.41
2.035
0.558
0.027
1.166
2.411
2.055
0.585
0.024
1.174
2.392
2.058
0.58
0.03
1.145
2.41
2.084
0.595
0.029
1.165
2.384
2.05
0.597
0.021
1.1300000000000001
2.396
2.075
0.593
0.04
1.119
2.3970000000000002
2.065
0.614
0.025
1.122
2.406
2.055
0.589
0.041
1.1340000000000001
2.387
2.073
0.606
0.031
1.117
2.362
2.092
0.62
0.025
1.105
2.392
2.079
0.529
0.008
1.082
2.384
2.096
0.656
0.033
1.106
2.361
2.078
0.636
0.009000000000000001
1.056
2.352
2.085
0.648
0.004
1.09
2.383
2.105
0.646
0.039
1.065
2.352
2.108
0.648
0.023
1.082
2.357
2.12
0.656
0.016
1.046
2.361
2.148
0.657
0.0
1.027
2.336
2.141
0.682
0.008
1.041
2.355
2.126
0.7010000000000001
0.0
1.033
2.345
2.133
0.6930000000000001
0.0
1.0210000000000001
2.352
2.137
0.6940000000000001
0.0
1.0230000000000001
2.332
2.1630000000000003
0.714
0.0
1.0030000000000001
2.345
2.1550000000000002
0.712
0.0
0.991
2.329
2.146
0.704
0.012
0.972
2.335
2.177
0.736
0.0
0.964
2.31
2.165
0.716
0.008
0.998
2.331
2.178
0.759
0.013000000000000001
0.9590000000000001
2.328
2.176
0.763
0.006
0.966
2.2960000000000003
2.179
0.76
0.003
0.961
2.31
2.178
0.743
0.0
0.9400000000000001
2.316
2.206
0.75
0.003
0.968
2.306
2.192
0.752
0.0
0.9430000000000001
2.32
2.229
0.768
0.011
0.9540000000000001
2.313
2.218
0.8
0.0
0.927
2.286
2.206
0.775
0.0
0.9400000000000001
2.3850000000000002
2.193
0.8200000000000001
0.0
0.898
2.2720000000000002
2.222
0.802
0.006
0.9
2.257
2.226
0.796
0.0
0.869
2.283
2.244
0.796
0.002
0.871
2.2880000000000003
2.239
0.837
0.006
0.888
2.274
2.249
0.8130000000000001
0.0
0.884
2.281
2.234
0.839
0.004
0.881
2.253
2.236
0.8200000000000001
0.007
0.879
2.271
2.244
0.863
0.0
0.874
2.249
2.2680000000000002
0.868
0.006
0.884
2.241
2.266
0.849
0.0
0.854
2.245
2.278
0.878
0.0
0.846
2.258
2.257
0.887
0.003
0.8230000000000001
2.258
2.274
0.855
0.0
0.8230000000000001
2.229
2.274
0.89
0.0
0.8300000000000001
2.224
2.2520000000000002
0.893
0.001
0.805
2.213
2.2720000000000002
0.917
0.0
0.8130000000000001
2.209
2.3000000000000003
0.921
0.0
0.784
2.229
2.2840000000000003
0.909
0.0
0.8170000000000001
2.22
2.306
0.9420000000000001
0.0
0.773
2.22
2.289
0.9490000000000001
0.0
0.757
2.208
2.307
0.988
0.0
0.782
2.184
2.324
0.9560000000000001
0.002
0.743
2.204
2.323
0.976
0.0
0.755
2.195
2.315
0.974
0.005
0.764
2.169
2.319
0.9530000000000001
0.0
0.724
2.168
2.331
0.966
0.0
0.72
2.1510000000000002
2.338
1.004
0.0
0.733
2.178
2.316
0.008
0.007
0.732
2.168
2.313
1.008
0.017
0.719
2.1390000000000002
2.325
1.018
0.0
0.715
2.136
2.336
0.033
0.012
0.705
2.16
2.355
1.006
0.001
0.685
2.126
2.336
1.037
0.0
0.683
2.1310000000000002
2.361
1.038
0.0
0.663
2.125
2.374
1.058
0.005
0.669
2.1310000000000002
2.352
1.059
0.024
0.647
2.092
2.365
1.072
0.0
0.65
2.11
2.38
1.093
0.033
0.629
2.083
2.394
1.116
0.012
0.636
2.093
2.374
1.103
0.036000000000000004
0.59
2.071
2.3810000000000002
1.115
0.013000000000000001
0.613
2.068
2.398
1.127
0.035
0.604
2.062
2.3810000000000002
1.131
0.028
0.589
2.041
2.4130000000000003
1.149
0.014
0.553
2.0140000000000002
2.399
1.18
0.029
0.545
2.023
2.41
1.193
0.027
0.537
2.025
2.424
1.191
0.037
0.551
2.009
2.416
1.211
0.056
0.54
1.991
2.431
1.199
0.04
0.508
1.984
2.436
1.233
0.064
0.535
1.968
2.4130000000000003
1.244
0.049
0.516
1.967
2.432
1.2610000000000001
0.066
0.491
1.95
2.434
1.301
0.065
0.47900000000000004
1.947
2.45
1.293
0.048
0.463
1.933
2.455
1.274
0.063
0.463
1.926
2.437
1.286
0.082
0.465
1.9020000000000001
2.469
1.3
0.068
0.458
1.9180000000000001
2.444
1.33
0.07100000000000001
0.442
1.9180000000000001
2.458
1.349
0.10300000000000001
0.435
1.8940000000000001
2.461
1.349
0.10300000000000001
0.41300000000000003
1.901
2.471
1.373
0.10300000000000001
0.435
1.867
2.463
1.369
0.082
0.404
1.8880000000000001
2.497
1.3780000000000001
0.085
0.384
1.877
2.482
1.37
0.016
0.372
1.868
2.471
1.373
0.14200000000000002
0.4
1.867
2.484
1.399
0.084
0.399
1.852
2.465
1.395
0.10300000000000001
0.357
1.835
2.463
1.4040000000000001
0.121
0.372
1.841
2.465
1.423
0.14300000000000002
0.35100000000000003
1.797
2.487
1.435
0.124
0.362
1.809
2.492
1.441
0.154
0.355
1.7770000000000001
2.49
1.468
0.14100000000000001
0.34
1.764
2.471
1.491
0.154
0.337
1.7810000000000001
2.498
1.51
0.163
0.315
1.76
2.474
1.592
0.166
0.325
1.764
2.498
1.5090000000000001
0.155
0.307
1.736
2.496
1.53
0.178
0.20500000000000002
1.708
2.487
1.552
0.166
0.28200000000000003
1.723
2.489
1.5310000000000001
0.178
0.28200000000000003
1.702
2.478
1.5330000000000001
0.188
0.26
1.676
2.505
1.583
0.179
0.269
1.699
2.505
1.593
0.211
0.23
1.673
2.49
1.579
0.199
0.265
1.668
2.508
1.59
0.229
0.226
1.657
2.497
1.614
0.23900000000000002
0.224
1.641
2.5060000000000002
1.612
0.23800000000000002
0.228
1.6380000000000001
2.507
1.617
0.223
0.209
1.61
2.507
1.6520000000000001
0.247
0.223
1.68
2.498
1.645
0.232
0.20800000000000002
1.591
2.486
1.67
0.249
0.20600000000000002
1.581
2.49
1.692
0.27
0.202
1.591
2.507
1.685
0.23500000000000001
0.202
1.548
2.482
1.706
0.305
0.209
1.543
2.498
1.714
0.267
0.17300000000000001
1.556
2.503
1.615
0.28200000000000003
0.186
1.5270000000000001
2.48
1.702
0.276
0.17400000000000002
1.552
2.474
1.733
0.291
0.153
1.5230000000000001
2.482
1.723
0.297
0.159
1.506