
2.145
1.069
0.097
0.155
1.0230000000000001
2.125
2.471
1.827
0.6970000000000001
0.003
0.332
1.42
2.35
2.358
1.449
0.381
0.022
0.652
1.804
2.466
2.1390000000000002
1.069
0.149
0.117
1.008
2.11
2.471
1.846
0.7020000000000001
0.028
0.352
1.413
2.368
2.379
1.475
0.369
0.005
0.64
1.801
2.486
2.156
1.088
0.136
0.114
1.008
2.08
2.471
1.828
0.6890000000000001
0.02
0.353
1.391
2.358
2.361
1.46
0.392
0.006
0.66
1.778
2.481
2.136
1.088
0.147
0.132
1.03
2.118
2.484
1.828
0.6980000000000001
0.016
0.321
1.42
2.349
2.36
1.476
0.393
0.007
0.645
1.7570000000000001
2.46
2.168
1.104
0.136
0.127
1.022
2.1
2.482
1.855
0.6920000000000001
0.024
0.32
1.411
2.349
2.37
1.475
0.41000000000000003
0.003
0.63
1.778
2.465
2.1750000000000003
1.088
0.134
0.116
0.975
2.096
2.499
1.869
0.708
0.042
0.34
1.387
2.332
2.357
1.5130000000000001
0.39
0.0
0.612
1.7670000000000001
2.482
2.162
1.118
0.17300000000000001
0.091
0.992
2.088
2.498
1.883
0.756
0.008
0.311
1.361
2.331
2.374
1.494
0.423
0.0
0.585
1.748
2.461
2.1630000000000003
1.113
0.203
0.106
0.96
2.08
2.465
1.872
0.763
0.032
0.311
1.333
2.313
2.394
1.546
0.41600000000000004
0.0
0.583
1.712
2.458
2.2
1.156
0.159
0.092
0.9390000000000001
2.054
2.478
1.891
0.756
0.033
0.28600000000000003
1.335
2.291
2.42
1.5350000000000001
0.445
0.009000000000000001
0.5690000000000001
1.714
2.466
2.191
1.168
0.182
0.062
0.93
2.052
2.486
1.926
0.789
0.029
0.281
1.307
2.297
2.399
1.556
0.455
0.0
0.5680000000000001
1.685
2.46
2.212
1.198
0.19
0.054
0.921
2.015
2.493
1.938
0.801
0.033
0.244
1.28
2.291
2.424
1.593
0.47300000000000003
0.0
0.548
1.683
2.435
2.216
1.181
0.201
0.07200000000000001
0.877
1.983
2.513
1.941
0.8160000000000001
0.048
0.25
1.285
2.263
2.4210000000000003
1.604
0.506
0.0
0.516
1.677
2.4290000000000003
2.261
1.23
0.215
0.054
0.876
1.986
2.482
1.958
0.845
0.035
0.221
1.2510000000000001
2.265
2.418
1.602
0.488
0.0
0.506
1.6460000000000001
2.432
2.245
1.226
0.256
0.051000000000000004
0.833
1.991
2.507
1.97
0.867
0.049
0.217
1.232
2.236
2.439
1.627
0.518
0.0
0.489
1.639
2.454
2.245
1.254
0.228
0.059000000000000004
0.837
1.975
2.49
1.983
0.867
0.069
0.23
1.241
2.231
2.43
1.633
0.544
0.008
0.47100000000000003
1.62
2.42
2.2840000000000003
1.274
0.249
0.033
0.807
1.947
2.487
1.998
0.874
0.052000000000000005
0.228
1.203
2.236
2.44
1.661
0.539
0.0
0.46
1.574
2.407
2.254
1.272
0.233
0.034
0.8280000000000001
1.931
2.52
2.0180000000000002
0.892
0.077
0.198
1.187
2.226
2.449
1.684
0.559
0.0
0.485
1.564
2.432
2.297
1.299
0.261
0.049
0.811
1.934
2.486
2.0420000000000003
0.914
0.11
0.201
1.194
2.192
2.458
1.698
0.5630000000000001
0.0
0.456
1.549
2.4290000000000003
2.391
1.332
0.295
0.037
0.77
1.994
2.489
2.039
0.919
0.099
0.195
1.1320000000000001
2.178
2.452
1.688
0.594
0.0
0.425
1.538
2.4050000000000002
2.299
1.333
0.277
0.024
0.767
1.8880000000000001
2.505
2.054
0.966
0.099
0.186
1.116
2.192
2.445
1.722
0.589
0.0
0.445
1.536
2.37
2.312
1.365
0.312
0.0
0.763
1.8880000000000001
2.481
2.0460000000000003
0.973
0.078
0.153
1.127
2.191
2.468
1.746
0.614
0.004
0.396
1.5270000000000001
2.4010000000000002
2.327
1.3820000000000001
0.309
0.031
0.725
1.883
2.503
2.083
0.987
0.112
0.165
1.127
2.1710000000000003
2.458
1.742
0.64
0.0
0.41000000000000003
1.491
2.386
2.311
1.3780000000000001
0.3
0.012
0.711
1.8880000000000001
2.465
2.079
0.996
0.116
0.125
1.091
2.166
2.46
1.7630000000000001
0.641
0.0
0.403
1.469
2.384
2.333
1.4040000000000001
0.31
0.02
0.7030000000000001
1.854
2.494
2.11
0.989
0.099
0.14
1.1
2.17
2.457
1.7550000000000001
0.626
0.0
0.39
1.481
2.365
2.331
1.419
0.332
0.006
0.711
1.843
2.497
2.092
1.016
0.1
0.138
1.096
2.141
2.461
1.7670000000000001
0.645
0.013000000000000001
0.41200000000000003
1.474
2.383
2.337
1.3980000000000001
0.336
0.026000000000000002
0.708
1.833
2.489
2.1
1.0070000000000001
0.02
0.138
1.062
2.128
2.487
1.7750000000000001
0.646
0.0
0.391
1.456
2.37
2.349
1.4040000000000001
0.332
0.0
0.6920000000000001
1.851
2.48
2.104
0.997
0.109
0.155
1.073
2.133
2.457
1.799
0.65
0.009000000000000001
0.34600000000000003
1.486
2.368
2.357
1.42
0.342
0.011
0.676
1.808
2.469
2.1270000000000002
1.02
0.112
0.14300000000000002
1.065
2.146
2.492
1.788
0.643
0.0
0.352
1.442
2.358
2.345
1.42
0.34700000000000003
0.012
0.664
1.7890000000000001
2.476
2.112
1.051
0.134
0.115
1.042
2.108
2.498
1.829
0.68
0.01
0.359
1.425
2.371
2.355
1.456
0.356
0.0
0.658
1.793
2.459
2.141
1.065
0.146
0.099
1.0110000000000001
2.092
2.492
1.847
0.6890000000000001
0.012
0.323
1.411
2.342
2.368
1.454
0.39
0.0
0.664
1.796
2.533
2.16
1.078
0.14400000000000002
0.10300000000000001
1.0030000000000001
2.102
2.461
1.836
0.705
0.037
0.332
1.385
2.332
2.371
1.486
0.38
0.0
0.612
1.7570000000000001
2.458
2.1710000000000003
1.09
0.16
0.097
0.988
2.097
2.503
1.84
0.737
0.021
0.32
1.362
2.337
2.382
1.5070000000000001
0.309
0.0
0.619
1.7570000000000001
2.47
2.149
1.123
0.162
0.088
0.9510000000000001
2.081
2.489
1.857
0.734
0.019
0.31
1.3820000000000001
2.335
2.407
1.538
0.436
0.006
0.599
1.696
2.452
2.202
1.129
0.181
0.077
0.937
2.0420000000000003
2.513
1.8940000000000001
0.763
0.023
0.394
1.356
2.321
2.3890000000000002
1.5330000000000001
0.439
0.0
0.579
1.733
2.461
2.184
1.125
0.192
0.081
0.9550000000000001
2.023
2.476
1.8960000000000001
0.772
0.043000000000000003
0.256
1.349
2.305
2.4
1.536
0.438
0.0
0.596
1.709
2.455
2.201
1.149
0.188
0.082
0.911
2.054
2.507
1.8920000000000001
0.777
0.041
0.264
1.314
2.278
2.384
1.542
0.434
0.007
0.5750000000000001
1.688
2.449
2.21
1.185
0.192
0.08
0.902
2.013
2.49
1.93
0.8140000000000001
0.048
0.263
1.32
2.278
2.399
1.578
0.47300000000000003
0.0
0.556
1.672
2.465
2.221
1.204
0.214
0.08
0.895
2.027
2.505
1.962
0.8170000000000001
0.024
0.272
1.262
2.265
2.4130000000000003
1.58
0.47800000000000004
0.004
0.538
1.685
2.452
2.222
1.199
0.223
0.077
0.877
1.979
2.483
1.965
0.8210000000000001
0.029
0.227
1.268
2.279
2.4290000000000003
1.623
0.493
0.003
0.514
1.657
2.449
2.229
1.211
0.232
0.066
0.863
1.964
2.498
1.975
0.852
0.033
0.22
1.2610000000000001
2.241
2.449
1.633
0.499
0.012
0.504
1.622
2.42
2.263
1.2610000000000001
0.23700000000000002
0.041
0.8320000000000001
1.967
2.474
1.994
0.875
0.037
0.20800000000000002
1.22
2.2520000000000002
2.4290000000000003
1.621
0.531
0.0
0.494
1.617
2.438
2.258
1.241
0.248
0.048
0.8320000000000001
1.952
2.483
1.976
0.86
0.051000000000000004
0.224
1.223
2.223
2.453
1.659
0.527
0.0
0.583
1.61
2.423
2.262
1.2650000000000001
0.23
0.058
0.838
1.935
2.489
2.0180000000000002
0.892
0.044
0.196
1.194
2.225
2.436
1.676
0.558
0.0
0.46
1.594
2.4290000000000003
2.274
1.2750000000000001
0.265
0.032
0.8220000000000001
1.944
2.494
2.0100000000000002
0.88
0.076
0.212
1.207
2.236
2.437
1.699
0.529
0.0
0.452
1.556
2.402
2.2840000000000003
1.319
0.279
0.048
0.788
1.923
2.5100000000000002
2.021
0.903
0.07
0.203
1.167
2.22
2.455
1.694
0.56
0.001
0.447
1.546
2.394
2.291
1.308
0.28200000000000003
0.025
0.78
1.8920000000000001
2.503
2.028
0.913
0.08600000000000001
0.199
1.161
2.223
2.458
1.714
0.558
0.0
0.46
1.575
2.395
2.2920000000000003
1.297
0.29
0.049
0.784
1.919
2.487
2.029
0.9470000000000001
0.08700000000000001
0.189
1.154
2.232
2.461
1.711
0.585
0.007
0.451
1.539
2.3810000000000002
2.308
1.321
0.294
0.03
0.795
1.901
2.5020000000000002
2.058
0.933
0.091
0.187
1.155
2.209
2.454
1.687
0.585
0.006
0.43
1.528
2.366
2.315
1.344
0.28200000000000003
0.011
0.776
1.9100000000000001
2.478
2.061
0.9450000000000001
0.096
0.18
1.166
2.187
2.461
1.712
0.5720000000000001
0.0
0.444
1.556
2.386
2.308
1.335
0.304
0.035
0.775
1.9100000000000001
2.504
2.071
0.937
0.079
0.213
1.149
2.195
2.461
1.736
0.604
0.013000000000000001
0.431
1.5350000000000001
2.41
2.31
1.343
0.29
0.025
0.73
1.864
2.471
2.062
0.9500000000000001
0.083
0.171
1.122
2.191
2.461
1.7590000000000001
0.597
0.0
0.421
1.5190000000000001
2.3970000000000002
2.316
1.383
0.319
0.026000000000000002
0.746
1.855
2.468
2.094
0.985
0.093
0.14
1.11
2.183
2.452
1.768
0.639
0.0
0.392
1.483
2.3970000000000002
2.35
1.377
0.329
0.004
0.7030000000000001
1.842
2.5020000000000002
2.092
1.01
0.11900000000000001
0.14300000000000002
1.072
2.148
2.431
1.762
0.648
0.017
0.373
1.48
2.358
2.347
1.395
0.34
0.007
0.721
1.819
2.466
2.09
1.008
0.126
0.127
1.067
2.149
2.449
1.7730000000000001
0.638
0.0
0.369
1.469
2.358
2.36
1.4040000000000001
0.33
0.0
0.675
1.829
2.48
2.12
1.048
0.14
0.152
1.045
2.1310000000000002
2.466
1.796
0.678
0.0
0.34400000000000003
1.432
2.342
2.361
1.44
0.383
0.012
0.657
1.801
2.465
2.134
1.054
0.116
0.129
1.041
2.129
2.471
1.818
0.6970000000000001
0.0
0.366
1.435
2.371
2.371
1.467
0.381
0.022
0.668
1.784
2.468
2.142
1.098
0.127
0.099
1.006
2.112
2.473
1.843
0.721
0.002
0.34800000000000003
1.401
2.352
2.373
1.458
0.371
0.024
0.628
1.788
2.479
2.152
1.1
0.146
0.138
0.001
2.112
2.477
1.849
0.6960000000000001
0.004
0.333
1.3820000000000001
2.323
2.384
1.49
0.381
0.001
0.635
1.768
2.479
2.165
1.091
0.149
0.11900000000000001
1.027
2.074
2.466
1.872
0.713
0.014
0.31
1.397
2.341
2.37
1.5170000000000001
0.41100000000000003
0.0
0.608
1.7730000000000001
2.48
2.17
1.11
0.162
0.10300000000000001
0.991
2.075
2.49
1.861
0.723
0.031
0.323
1.3860000000000001
2.331
2.394
1.494
0.395
0.016
0.622
1.741
2.469
2.166
1.108
0.178
0.082
0.963
2.075
2.479
1.891
0.761
0.006
0.332
1.361
2.317
2.376
1.51
0.422
0.009000000000000001
0.595
1.725
2.453
2.181
1.122
0.178
0.083
0.97
2.05
2.523
1.891
0.776
0.023
0.28400000000000003
1.324
2.312
2.402
1.546
0.401
0.009000000000000001
0.587
1.73
2.464
2.21
1.1500000000000001
0.194
0.085
0.9560000000000001
2.055
2.471
1.895
0.777
0.007
0.3
1.34
2.312
2.41
1.543
0.453
0.0
0.5660000000000001
1.706
2.451
2.22
1.177
0.195
0.078
0.933
2.033
2.481
1.925
0.806
0.036000000000000004
0.251
1.299
2.294
2.431
1.57
0.45
0.0
0.545
1.684
2.44
2.235
1.202
0.211
0.069
0.902
2.007
2.507
1.95
0.8220000000000001
0.034
0.267
1.272
2.27
2.416
1.58
0.48
0.0
0.561
1.659
2.44
2.224
1.177
0.20600000000000002
0.075
0.875
2.033
2.495
1.955
0.8260000000000001
0.065
0.245
1.274
2.2840000000000003
2.403
1.591
0.498
0.0
0.523
1.6560000000000001
2.453
2.254
1.211
0.224
0.074
0.857
1.997
2.486
1.954
0.8250000000000001
0.041
0.244
1.2570000000000001
2.2680000000000002
2.418
1.601
0.493
0.0
0.53
1.6460000000000001
2.4290000000000003
2.239
1.246
0.24
0.088
0.859
1.983
2.503
1.976
0.8260000000000001
0.04
0.222
1.262
2.2680000000000002
2.426
1.623
0.488
0.005
0.501
1.6380000000000001
2.439
2.247
1.256
0.232
0.032
0.846
1.967
2.5
1.992
0.844
0.042
0.232
1.236
2.261
2.4290000000000003
1.674
0.529
0.0
0.508
1.623
2.415
2.2800000000000002
1.27
0.227
0.037
0.8270000000000001
1.971
2.5020000000000002
2.004
0.88
0.053
0.22
1.226
2.247
2.432
1.659
0.505
0.0
0.496
1.607
2.42
2.289
1.28
0.231
0.042
0.8320000000000001
1.965
2.494
2.0060000000000002
0.881
0.061
0.186
1.223
2.226
2.434
1.683
0.548
0.014
0.468
1.607
2.408
2.278
1.311
0.252
0.025
0.833
1.921
2.471
2.028
0.9
0.053
0.20700000000000002
1.19
2.22
2.455
1.6640000000000001
0.54
0.004
0.455
1.58
2.4210000000000003
2.2880000000000003
1.312
0.275
0.021
0.797
1.917
2.458
2.0260000000000002
0.924
0.056
0.184
1.17
2.202
2.423
1.685
0.559
0.0
0.441
1.546
2.407
2.2920000000000003
1.301
0.273
0.029
0.759
1.926
2.496
2.036
0.9390000000000001
0.066
0.19
1.19
2.219
2.442
1.722
0.559
0.009000000000000001
0.427
1.546
2.424
2.324
1.328
0.279
0.03
0.76
1.805
2.503
2.058
0.929
0.091
0.186
1.137
2.207
2.461
1.72
0.58
0.0
0.433
1.5230000000000001
2.3770000000000002
2.307
1.372
0.309
0.025
0.747
1.883
2.48
2.084
0.993
0.08
0.157
1.112
2.178
2.458
1.728
0.625
0.013000000000000001
0.41400000000000003
1.506
2.39
2.349
1.393
0.334
0.006
0.732
1.859
2.498
2.097
1.087
0.121
0.17200000000000001
1.087
2.165
2.496
1.762
0.625
0.011
0.394
1.481
2.353
2.345
1.403
0.324
0.015
0.705
1.841
2.487
2.096
1.038
0.117
0.14
1.097
2.1310000000000002
2.464
1.774
0.645
0.001
0.356
1.461
2.384
2.345
1.422
0.356
0.025
0.6950000000000001
1.818
2.481
2.109
1.027
0.128
0.12
1.066
2.13
2.468
1.794
0.676
0.016
0.358
1.453
2.339
2.342
1.455
0.36
0.0
0.685
1.7890000000000001
2.477
2.149
1.059
0.126
0.135
1.061
2.104
2.469
1.816
0.687
0.007
0.331
1.3980000000000001
2.35
2.368
1.451
0.362
0.016
0.663
1.776
2.499
2.165
1.065
0.117
0.106
1.04
2.11
2.5
1.817
0.704
0.014
0.34400000000000003
1.411
2.328
2.363
1.48
0.375
0.0
0.65
1.76
2.482
2.166
1.101
0.14
0.10300000000000001
0.987
2.096
2.48
1.863
0.73
0.023
0.331
1.3940000000000001
2.318
2.382
1.498
0.42
0.011
0.606
1.749
2.461
2.149
1.123
0.166
0.068
0.966
2.078
2.403
1.868
0.726
0.009000000000000001
0.28800000000000003
1.341
2.326
2.386
1.5310000000000001
0.433
0.0
0.583
1.731
2.46
2.2
1.135
0.17400000000000002
0.073
0.968
2.0420000000000003
2.483
1.8940000000000001
0.77
0.006
0.297
1.336
2.283
2.394
1.544
0.44
0.0
0.5720000000000001
1.725
2.442
2.191
1.166
0.192
0.073
0.9420000000000001
2.0460000000000003
2.482
1.917
0.778
0.047
0.28500000000000003
1.325
2.303
2.42
1.562
0.432
0.0
0.578
1.711
2.437
2.229
1.183
0.178
0.065
0.936
2.021
2.495
1.934
0.788
0.025
0.269
1.281
2.266
2.42
1.564
0.485
0.002
0.534
1.6560000000000001
2.466
2.211
1.191
0.20600000000000002
0.077
0.89
2.005
2.503
1.942
0.81
0.037
0.23900000000000002
1.276
2.24
2.416
1.596
0.47600000000000003
0.0
0.51
1.639
2.434
2.25
1.23
0.215
0.038
0.867
1.984
2.505
2.0
0.871
0.033
0.247
1.194
2.273
2.426
1.6260000000000001
0.519
0.001
0.499
1.602
2.436
2.2640000000000002
1.2590000000000001
0.23
0.047
0.834
1.95
2.486
2.992
0.893
0.10300000000000001
0.20800000000000002
1.218
2.25
2.458
1.6460000000000001
0.553
0.004
0.454
1.604
2.426
2.278
1.282
0.276
0.031
0.802
1.954
2.498
2.015
0.92
0.08600000000000001
0.212
1.191
2.231
2.452
1.665
0.562
0.0
0.454
1.559
2.394
2.291
1.301
0.29
0.029
0.798
1.897
2.483
2.044
0.923
0.068
0.169
1.153
2.216
2.476
1.699
0.5670000000000001
0.0
0.446
1.538
2.41
2.315
1.327
0.298
0.033
0.777
1.907
2.5020000000000002
2.058
0.935
0.10300000000000001
0.17200000000000001
1.1400000000000001
2.197
2.473
1.722
0.614
0.0
0.40700000000000003
1.5110000000000001
2.407
2.303
1.337
0.294
0.011
0.747
1.862
2.478
2.062
0.9590000000000001
0.107
0.152
1.119
2.1710000000000003
2.477
1.739
0.601
0.009000000000000001
0.394
1.481
2.373
2.323
1.371
0.323
0.003
0.7000000000000001
1.863
2.498
2.092
0.993
0.10300000000000001
0.147
1.08
2.154
2.487
1.788
0.659
0.0
0.359
1.47
2.347
2.352
1.443
0.356
0.022
0.684
1.8840000000000001
2.461
2.126
1.041
0.136
0.114
1.048
2.1390000000000002
2.495
1.829
0.679
0.015
0.369
1.401
2.35
2.378
1.468
0.375
0.0
0.642
1.78
2.457
2.1470000000000002
1.058
0.135
0.105
1.0150000000000001
2.084
2.471
1.852
0.731
0.005
0.335
1.3900000000000001
2.329
2.366
1.492
0.417
0.008
0.606
1.743
2.468
2.186
1.1
0.162
0.111
0.996
2.075
2.474
1.891
0.737
0.038
0.296
1.353
2.307
2.37
1.5090000000000001
0.432
0.0
0.578
1.711
2.461
2.104
1.1300000000000001
0.171
0.049
0.933
2.055
2.503
1.895
0.78
0.042
0.274
1.315
2.307
2.395
1.567
0.447
0.008
0.586
1.784
2.447
2.196
1.168
0.195
0.07100000000000001
0.91
2.025
2.484
1.93
0.787
0.024
0.244
1.312
2.265
2.4130000000000003
1.601
0.47100000000000003
0.006
0.5670000000000001
1.6620000000000001
2.4290000000000003
2.247
1.185
0.22
0.054
0.898
1.997
2.482
1.951
0.8300000000000001
0.048
0.261
1.268
2.265
2.416
1.601
0.486
0.003
0.505
1.622
2.416
2.262
1.227
0.24
0.053
0.861
1.968
2.5
1.96
0.875
0.057
0.23600000000000002
1.23
2.233
2.454
1.6500000000000001
0.545
0.006
0.49
1.589
2.431
2.281
1.293
0.25
0.057
0.833
1.936
2.494
2.029
0.919
0.06
0.199
1.162
2.208
2.438
1.7
0.547
0.0
0.452
1.536
2.4170000000000003
2.308
1.314
0.28400000000000003
0.031
0.785
1.8920000000000001
2.5100000000000002
2.036
0.9430000000000001
0.077
0.166
1.12
2.213
2.451
1.728
0.613
0.0
0.426
1.502
2.408
2.305
1.361
0.317
0.033
0.759
1.889
2.486
2.084
0.988
0.10300000000000001
0.145
1.114
2.1630000000000003
2.461
1.7730000000000001
0.652
0.011
0.406
1.5070000000000001
2.3890000000000002
2.32
1.401
0.34900000000000003
0.0
0.6930000000000001
1.855
2.495
2.115
1.0070000000000001
0.11
0.122
1.061
2.133
2.471
1.794
0.647
0.014
0.381
1.456
2.371
2.358
1.423
0.364
0.0
0.676
1.812
2.476
2.118
1.037
0.134
0.137
1.058
2.137
2.49
1.796
0.6910000000000001
0.019
0.334
1.428
2.368
2.376
1.444
0.357
0.0
0.653
1.793
2.468
2.133
1.055
0.132
0.1
1.0210000000000001
2.109
2.479
1.845
0.711
0.025
0.318
1.385
2.334
2.366
1.491
0.377
0.017
0.65
1.762
2.479
2.152
1.116
0.138
0.10300000000000001
0.992
2.084
2.459
1.863
0.743
0.014
0.298
1.385
2.337
2.365
1.5070000000000001
0.395
0.008
0.6
1.754
2.463
2.187
1.108
0.151
0.08
0.9480000000000001
2.076
2.485
1.881
0.758
0.029
0.305
1.348
2.316
2.3850000000000002
1.52
0.443
0.0
0.58
1.707
2.461
2.193
1.183
0.187
0.07
0.924
2.0420000000000003
2.498
1.928
0.809
0.019
0.297
1.315
2.2920000000000003
2.42
1.565
0.47300000000000003
0.001
0.545
1.67
2.444
2.212
1.195
0.2
0.07200000000000001
0.888
1.996
2.494
1.933
0.802
0.061
0.232
1.286
2.266
2.423
1.61
0.494
0.0
0.534
1.6400000000000001
2.44
2.254
1.207
0.23700000000000002
0.045
0.877
1.997
2.496
1.978
0.85
0.053
0.244
1.247
2.249
2.434
1.623
0.495
0.0
0.498
1.625
2.428
2.2520000000000002
1.2530000000000001
0.24
0.041
0.836
1.975
2.5020000000000002
1.97
0.874
0.049
0.226
1.239
2.242
2.455
1.6640000000000001
0.532
0.0
0.47800000000000004
1.623
2.407
2.279
1.283
0.257
0.033
0.835
1.946
2.503
2.0180000000000002
0.904
0.082
0.226
1.207
2.225
2.439
1.675
0.559
0.0
0.456
1.57
2.416
2.273
1.314
0.278
0.018000000000000002
0.788
1.907
2.482
2.071
0.911
0.08
0.18
1.153
2.189
2.471
1.682
0.581
0.017
0.441
1.548
2.3970000000000002
2.312
1.349
0.294
0.02
0.753
1.8800000000000001
2.5020000000000002
2.062
0.9450000000000001
0.099
0.171
1.125
2.173
2.46
1.7590000000000001
0.616
0.007
0.42
1.5070000000000001
2.403
2.338
1.356
0.3
0.036000000000000004
0.748
1.863
2.496
2.079
0.984
0.121
0.16
1.095
2.173
2.463
1.794
0.626
0.0
0.382
1.456
2.376
2.332
1.405
0.34500000000000003
0.0
0.714
1.851
2.474
2.125
1.055
0.127
0.137
1.079
2.128
2.473
1.799
0.647
0.008
0.374
1.462
2.371
2.356
1.457
0.34700000000000003
0.01
0.686
1.794
2.473
2.168
1.079
0.153
0.105
1.0210000000000001
2.109
2.497
1.838
0.6880000000000001
0.023
0.34900000000000003
1.4040000000000001
2.331
2.368
1.467
0.4
0.0
0.626
1.7750000000000001
2.447
2.15
1.087
0.164
0.099
1.0030000000000001
2.091
2.478
1.8760000000000001
0.729
0.023
0.331
1.368
2.313
2.3930000000000002
1.52
0.398
0.0
0.613
1.747
2.478
2.193
1.137
0.194
0.083
0.9550000000000001
2.068
2.482
1.9100000000000001
0.779
0.045
0.28300000000000003
1.336
2.324
2.3930000000000002
1.536
0.47000000000000003
0.0
0.584
1.691
2.439
2.208
1.173
0.176
0.057
0.906
2.033
2.492
1.934
0.796
0.016
0.263
1.291
2.29
2.426
1.583
0.486
0.0
0.552
1.697
2.439
2.228
1.22
0.195
0.051000000000000004
0.882
2.003
2.505
1.972
0.8250000000000001
0.049
0.225
1.243
2.2640000000000002
2.432
1.61
0.49
0.0
0.498
1.618
2.4290000000000003
2.262
1.223
0.209
0.066
0.8270000000000001
1.973
2.486
1.971
0.851
0.065
0.216
1.225
2.251
2.403
1.6500000000000001
0.508
0.0
0.484
1.593
2.428
2.258
1.2550000000000001
0.231
0.046
0.8210000000000001
1.959
2.49
2.005
0.811
0.043000000000000003
0.219
1.217
2.242
2.457
1.689
0.526
0.0
0.452
1.571
2.4010000000000002
2.286
1.304
0.267
0.043000000000000003
0.802
1.931
2.5
2.025
0.893
0.083
0.188
1.178
2.241
2.442
1.687
0.555
0.0
0.452
1.544
2.407
2.2960000000000003
1.312
0.277
0.043000000000000003
0.774
1.9020000000000001
2.5100000000000002
2.058
0.921
0.088
0.202
1.1480000000000001
2.191
2.505
1.722
0.598
0.0
0.41300000000000003
1.51
2.415
2.332
1.342
0.28800000000000003
0.047
0.745
1.872
2.492
2.074
0.962
0.101
0.17500000000000002
1.109
2.146
2.457
1.7650000000000001
0.638
0.012
0.395
1.504
2.38
2.332
1.3940000000000001
0.34900000000000003
0.022
0.721
1.84
2.46
2.114
1.05
0.099
0.15
1.079
2.142
2.468
1.784
0.643
0.0
0.361
1.469
2.371
2.365
1.426
0.361
0.0
0.678
1.815
2.468
2.149
1.056
0.125
0.113
1.049
2.112
2.473
1.816
0.677
0.002
0.365
1.436
2.357
2.378
1.475
0.364
0.0
0.63
1.784
2.449
2.158
1.086
0.137
0.113
0.996
2.097
2.487
1.836
0.722
0.0
0.322
1.371
2.357
2.3810000000000002
1.5070000000000001
0.406
0.0
0.631
1.7610000000000001
2.478
2.2
1.115
0.167
0.089
0.969
2.075
2.486
1.881
0.772
0.044
0.305
1.333
2.311
2.407
1.554
0.41500000000000004
0.0
0.606
1.724
2.434
2.195
1.157
0.177
0.113
0.929
2.051
2.488
1.933
0.795
0.015
0.257
1.3900000000000001
2.289
2.433
1.569
0.47700000000000004
0.0
0.5650000000000001
1.668
2.452
2.232
1.187
0.215
0.061
0.874
1.996
2.483
1.963
0.841
0.059000000000000004
0.261
1.249
2.263
2.423
1.6280000000000001
0.498
0.0
0.527
1.6600000000000001
2.44
2.245
1.227
0.233
0.056
0.867
1.965
2.49
1.966
0.862
0.032
0.233
1.238
2.242
2.415
1.6260000000000001
0.527
0.0
0.487
1.6260000000000001
2.447
2.274
1.24
0.258
0.033
0.839
1.981
2.474
2.009
0.862
0.062
0.226
1.216
2.228
2.444
1.647
0.518
0.0
0.49
1.598
2.436
2.278
1.266
0.243
0.055
0.8130000000000001
1.959
2.474
2.015
0.912
0.042
0.244
1.205
2.242
2.46
1.677
0.534
0.0
0.458
1.588
2.416
2.279
1.299
0.27
0.025
0.806
1.923
2.484
2.0460000000000003
0.922
0.07
0.179
1.153
2.229
2.457
1.701
0.559
0.0
0.446
1.557
2.49
2.316
1.319
0.268
0.042
0.788
1.8940000000000001
2.498
2.058
0.9530000000000001
0.075
0.167
1.158
2.215
2.449
1.741
0.589
0.006
0.423
1.5230000000000001
2.375
2.305
1.357
0.291
0.051000000000000004
0.738
1.887
2.484
2.076
0.991
0.10300000000000001
0.151
1.119
2.1750000000000003
2.465
1.7590000000000001
0.61
0.0
0.4
1.5030000000000001
2.371
2.338
1.3780000000000001
0.316
0.0
0.725
1.846
2.468
2.1
0.988
0.112
0.153
1.082
2.137
2.48
1.778
0.633
0.006
0.363
1.459
2.37
2.345
1.403
0.343
0.017
0.6990000000000001
1.806
2.46
2.125
1.039
0.122
0.117
1.0090000000000001
2.142
2.473
1.835
0.68
0.004
0.357
1.442
2.357
2.357
1.462
0.353
0.0
0.673
1.802
2.469
2.152
1.058
0.149
0.111
1.014
2.11
2.479
1.833
0.7010000000000001
0.027
0.326
1.411
2.318
2.379
1.465
0.391
0.012
0.65
1.7510000000000001
2.469
2.164
1.114
0.161
0.095
0.978
2.075
2.488
1.875
0.729
0.033
0.322
1.369
2.305
2.392
1.5230000000000001
0.40900000000000003
0.0
0.614
1.741
2.452
2.179
1.1380000000000001
0.152
0.1
0.9460000000000001
2.039
2.5
1.8800000000000001
0.759
0.017
0.28
1.35
2.302
2.386
1.539
0.432
0.004
0.5740000000000001
1.709
2.445
2.209
1.165
0.171
0.07
0.9420000000000001
2.0420000000000003
2.505
1.932
0.786
0.041
0.275
1.286
2.274
2.399
1.569
0.494
0.009000000000000001
0.535
1.689
2.436
2.21
1.217
0.197
0.061
0.906
2.0180000000000002
2.497
1.931
0.8310000000000001
0.051000000000000004
0.243
1.27
2.281
2.431
1.698
0.505
0.0
0.506
1.6460000000000001
2.442
2.258
1.246
0.217
0.051000000000000004
0.878
1.965
2.48
1.991
0.856
0.068
0.20700000000000002
1.233
2.245
2.426
1.643
0.507
0.0
0.46900000000000003
1.596
2.415
2.255
1.2510000000000001
0.256
0.044
0.8140000000000001
1.959
2.5020000000000002
1.996
0.922
0.075
0.20600000000000002
1.21
2.215
2.461
1.665
0.556
0.0
0.485
1.577
2.411
2.294
1.307
0.266
0.051000000000000004
0.804
1.9120000000000001
2.467
2.0420000000000003
0.909
0.07100000000000001
0.191
1.199
2.213
2.442
1.715
0.577
0.003
0.455
1.545
2.4
2.301
1.33
0.301
0.0
0.781
1.913
2.49
2.0460000000000003
0.9450000000000001
0.092
0.164
1.122
2.187
2.447
1.726
0.602
0.0
0.41000000000000003
1.52
2.376
2.323
1.353
0.275
0.032
0.746
1.855
2.474
2.074
0.969
0.111
0.148
1.095
2.154
2.474
1.7550000000000001
0.614
0.008
0.391
1.49
2.371
2.336
1.397
0.34
0.002
0.71
1.849
2.471
2.121
1.0030000000000001
0.1
0.135
1.09
2.144
2.478
1.776
0.663
0.0
0.369
1.442
2.386
2.342
1.43
0.36
0.003
0.671
1.817
2.46
2.1390000000000002
1.056
0.14100000000000001
0.132
1.031
2.105
2.503
1.839
0.7010000000000001
0.0
0.323
1.428
2.361
2.357
1.453
0.372
0.011
0.628
1.786
2.483
2.144
1.09
0.159
0.107
0.989
2.1
2.485
1.849
0.736
0.004
0.321
1.373
2.312
2.3810000000000002
1.502
0.41000000000000003
0.0
0.613
1.748
2.457
2.191
1.1460000000000001
0.166
0.107
0.936
2.036
2.461
1.8920000000000001
0.784
0.017
0.271
1.33
2.294
2.416
1.556
0.434
0.004
0.548
1.689
2.453
2.208
1.181
0.184
0.085
0.923
2.024
2.481
1.947
0.809
0.035
0.23700000000000002
1.284
2.281
2.428
1.618
0.46900000000000003
0.0
0.523
1.6620000000000001
2.452
2.241
1.232
0.228
0.068
0.879
1.975
2.484
1.955
0.8250000000000001
0.035
0.228
1.241
2.2720000000000002
2.43
1.62
0.49
0.001
0.514
1.6300000000000001
2.4130000000000003
2.262
1.232
0.229
0.054
0.8300000000000001
1.959
2.483
1.979
0.868
0.048
0.231
1.216
2.234
2.423
1.6640000000000001
0.514
0.001
0.463
1.572
2.432
2.2920000000000003
1.287
0.27
0.017
0.8
1.933
2.49
2.013
0.899
0.07
0.171
1.174
2.21
2.449
1.669
0.582
0.0
0.451
1.543
2.407
2.305
1.316
0.28
0.018000000000000002
0.758
1.913
2.479
2.065
0.966
0.096
0.18
1.125
2.1750000000000003
2.449
1.739
0.61
0.012
0.423
1.5010000000000001
2.403
2.328
1.377
0.292
0.039
0.753
1.8760000000000001
2.484
2.069
0.967
0.10300000000000001
0.14100000000000001
1.084
2.162
2.459
1.752
0.635
0.032
0.38
1.481
2.371
2.358
1.422
0.326
0.003
0.715
1.834
2.465
2.094
1.025
0.124
0.123
1.065
2.158
2.486
1.807
0.651
0.022
0.356
1.461
2.345
2.341
1.422
0.368
0.001
0.675
1.817
2.49
2.117
1.048
0.145
0.112
1.048
2.111
2.491
1.818
0.677
0.006
0.34600000000000003
1.403
2.339
2.363
1.477
0.396
0.002
0.639
1.7750000000000001
2.473
2.1630000000000003
1.096
0.153
0.095
1.0210000000000001
2.071
2.503
1.875
0.751
0.037
0.314
1.3880000000000001
2.344
2.4
1.493
0.427
0.004
0.593
1.75
2.461
2.2
1.1460000000000001
0.186
0.1
0.961
2.054
2.472
1.8860000000000001
0.774
0.051000000000000004
0.326
1.324
2.3000000000000003
2.41
1.546
0.432
0.009000000000000001
0.586
1.688
2.468
2.212
1.162
0.192
0.07200000000000001
0.909
2.036
2.494
1.9120000000000001
0.789
0.008
0.262
1.306
2.286
2.423
1.603
0.493
0.0
0.526
1.657
2.442
2.224
1.229
0.181
0.054
0.868
1.967
2.486
1.954
0.835
0.066
0.232
1.239
2.279
2.423
1.619
0.493
0.0
0.47900000000000004
1.617
2.41
2.25
1.2550000000000001
0.224
0.034
0.839
1.971
2.489
2.004
0.89
0.074
0.215
1.124
2.247
2.424
1.657
0.521
0.0
0.485
1.614
2.423
2.2680000000000002
1.288
0.244
0.045
0.8210000000000001
1.921
2.492
2.016
0.892
0.058
0.183
1.172
2.204
2.437
1.71
0.547
0.0
0.428
1.558
2.379
2.3000000000000003
1.338
0.273
0.038
0.788
1.901
2.504
2.058
0.9530000000000001
0.059000000000000004
0.161
1.161
2.18
2.458
1.715
0.59
0.0
0.41200000000000003
1.514
2.378
2.341
1.358
0.294
0.012
0.758
1.868
2.499
2.087
0.963
0.091
0.179
1.109
2.188
2.458
1.7550000000000001
0.626
0.0
0.41100000000000003
1.483
2.373
2.336
1.3800000000000001
0.324
0.001
0.704
1.851
2.494
2.083
1.0030000000000001
0.099
0.132
1.069
2.178
2.458
1.762
0.639
0.012
0.389
1.462
2.378
2.355
1.409
0.33
0.029
0.6920000000000001
1.825
2.479
2.132
1.042
0.14
0.146
1.046
2.106
2.49
1.81
0.661
0.013000000000000001
0.337
1.432
2.362
2.368
1.439
0.361
0.02
0.657
1.7890000000000001
2.46
2.144
1.056
0.127
0.125
0.998
2.094
2.492
1.855
0.6990000000000001
0.004
0.315
1.3
2.315
2.368
1.502
0.404
0.005
0.61
1.739
2.44
2.158
1.115
0.17400000000000002
0.109
0.971
2.068
2.487
1.8960000000000001
0.765
0.01
0.381
1.359
2.316
2.3970000000000002
1.543
0.402
0.0
0.597
1.714
2.474
2.202
1.1500000000000001
0.179
0.078
0.933
2.047
2.472
1.926
0.793
0.041
0.26
1.295
2.3810000000000002
2.426
1.554
0.47700000000000004
0.011
0.5660000000000001
1.68
2.452
2.233
1.189
0.21
0.059000000000000004
0.888
1.997
2.487
1.941
0.8130000000000001
0.048
0.259
1.29
2.274
2.4130000000000003
1.622
0.47600000000000003
0.001
0.516
1.627
2.448
2.237
1.249
0.224
0.041
0.875
1.979
2.5
1.963
0.861
0.058
0.214
1.228
2.238
2.436
1.62
0.509
0.0
0.505
1.593
2.414
2.2840000000000003
1.235
0.24
0.074
0.8260000000000001
1.962
2.581
2.012
0.892
0.052000000000000005
0.219
1.178
2.22
2.438
1.699
0.531
0.009000000000000001
0.47700000000000004
1.581
2.418
2.297
1.319
0.27
0.016
0.8210000000000001
1.921
2.596
2.027
0.909
0.08700000000000001
0.20700000000000002
1.183
2.22
2.498
1.6640000000000001
0.579
0.0
0.431
1.559
2.41
2.299
1.322
0.28200000000000003
0.046
0.747
1.9000000000000001
2.501
2.049
0.9510000000000001
0.077
0.178
1.133
2.189
2.447
1.739
0.591
0.0
0.41500000000000004
1.544
2.368
2.338
1.377
0.306
0.01
0.748
1.8880000000000001
2.494
2.07
1.0
0.112
0.149
1.11
2.187
2.467
1.7890000000000001
0.596
0.014
0.419
1.472
2.392
2.327
1.3900000000000001
0.332
0.0
0.6950000000000001
1.859
2.497
2.109
1.022
0.105
0.14100000000000001
1.079
2.1470000000000002
2.463
1.793
0.673
0.0
0.387
1.454
2.365
2.32
1.411
0.342
0.011
0.664
1.828
2.479
2.15
1.042
0.137
0.136
1.06
2.116
2.481
1.817
0.668
0.018000000000000002
0.354
1.428
2.335
2.363
1.462
0.373
0.02
0.645
1.744
2.498
2.141
1.096
0.154
0.107
1.034
2.104
2.5
1.834
0.709
0.012
0.307
1.3940000000000001
2.345
2.382
1.483
0.403
0.0
0.62
1.7530000000000001
2.474
2.176
1.1
0.16
0.08
0.992
2.086
2.494
1.871
0.739
0.01
0.293
1.338
2.332
2.368
1.5090000000000001
0.40700000000000003
0.0
0.606
1.729
2.474
2.191
1.115
0.17
0.081
0.971
2.049
2.487
1.8860000000000001
0.756
0.025
0.277
1.336
2.299
2.41
1.543
0.431
0.0
0.601
1.685
2.458
2.209
1.1480000000000001
0.186
0.078
0.92
2.049
2.465
1.934
0.77
0.042
0.292
1.325
2.297
2.42
1.574
0.45
0.0
0.5680000000000001
1.693
2.433
2.21
1.2
0.182
0.054
0.908
2.033
2.479
1.909
0.798
0.038
0.229
1.2570000000000001
2.2680000000000002
2.415
1.607
0.482
0.0
0.515
1.6560000000000001
2.445
2.266
1.217
0.229
0.037
0.878
1.971
2.509
1.965
0.846
0.056
0.23500000000000001
1.25
2.2520000000000002
2.423
1.6260000000000001
0.496
0.0
0.481
1.623
2.444
2.279
1.258
0.22
0.067
0.852
1.968
2.494
1.917
0.867
0.073
0.199
1.207
2.248
2.447
1.672
0.535
0.001
0.487
1.585
2.402
2.291
1.2710000000000001
0.245
0.052000000000000005
0.804
1.95
2.48
2.0100000000000002
0.91
0.07
0.20800000000000002
1.194
2.222
2.461
1.697
0.559
0.0
0.468
1.559
2.407
2.313
1.313
0.276
0.028
0.776
1.939
2.482
2.0420000000000003
0.9430000000000001
0.065
0.176
1.169
2.199
2.46
1.722
0.5700000000000001
0.01
0.449
1.556
2.408
2.303
1.343
0.28400000000000003
0.028
0.755
1.8900000000000001
2.492
2.062
0.979
0.088
0.17500000000000002
1.1400000000000001
2.197
2.445
1.736
0.607
0.0
0.41200000000000003
1.53
2.403
2.33
1.346
0.319
0.009000000000000001
0.73
1.8880000000000001
2.495
2.103
0.966
0.08
0.14300000000000002
1.107
2.1430000000000002
2.486
1.764
0.639