
0.278
2.481
0.14200000000000002
1.805
1.472
0.328
2.476
0.105
1.838
1.399
0.427
2.452
0.097
1.925
1.287
0.47600000000000003
2.41
0.045
2.019
1.224
0.548
2.4050000000000002
0.016
2.084
1.087
0.677
2.366
0.0
2.168
1.006
0.749
2.283
0.0
2.233
0.896
0.8300000000000001
2.245
0.0
2.299
0.784
0.963
2.162
0.0
2.33
0.6950000000000001
1.053
2.1
0.023
2.3970000000000002
0.614
1.1480000000000001
2.008
0.026000000000000002
2.419
0.547
1.227
1.979
0.064
2.44
0.456
1.31
1.897
0.013000000000000001
2.481
0.375
1.381
1.846
0.09
2.49
0.333
1.448
1.78
0.145
2.497
0.314
1.536
1.749
0.161
2.5
0.273
1.548
1.685
0.216
2.481
0.23900000000000002
1.543
1.6560000000000001
0.217
2.478
0.251
1.631
1.6280000000000001
0.224
2.484
0.203
1.671
1.61
0.29
2.5
0.16
1.722
1.532
0.307
2.468
0.135
1.81
1.419
0.379
2.48
0.11900000000000001
1.867
1.375
0.329
2.468
0.116
1.909
1.34
0.47400000000000003
2.44
0.064
1.957
1.249
0.531
2.4210000000000003
0.049
2.021
1.209
0.581
2.415
0.019
2.081
1.12
0.619
2.366
0.039
2.108
1.092
0.666
2.363
0.0
2.113
1.027
0.746
2.334
0.003
2.183
1.0110000000000001
0.759
2.325
0.001
2.191
0.903
0.795
2.274
0.0
2.236
0.868
0.863
2.25
0.0
2.265
0.837
0.931
2.221
0.0
2.298
0.713
0.9460000000000001
2.152
0.0
2.319
0.715
1.027
2.15
0.001
2.387
0.612
1.074
2.06
0.027
2.394
0.579
1.192
2.058
0.051000000000000004
2.4050000000000002
0.506
1.241
2.019
0.06
2.422
0.484
1.256
1.917
0.051000000000000004
2.458
0.46
1.324
1.8960000000000001
0.1
2.461
0.487
1.3880000000000001
1.86
0.117
2.489
0.362
1.483
1.814
0.115
2.474
0.319
1.439
1.7750000000000001
0.178
2.507
0.362
1.544
1.691
0.211
2.508
0.249
1.655
1.631
0.249
2.492
0.19
1.712
1.567
0.319
2.487
0.149
1.82
1.403
0.361
2.455
0.116
1.851
1.3820000000000001
0.422
2.461
0.085
1.95
1.31
0.46
2.454
0.025
1.996
1.187
0.532
2.415
0.02
2.07
1.112
0.611
2.368
0.0
2.123
1.058
0.6900000000000001
2.378
0.0
2.189
0.9420000000000001
0.809
2.3000000000000003
0.0
2.274
0.838
0.893
2.208
0.003
2.299
0.783
0.9540000000000001
2.193
0.008
2.332
0.747
1.0190000000000001
2.165
0.019
2.383
0.658
1.09
2.112
0.0
2.394
0.647
1.1380000000000001
2.009
0.035
2.392
0.505
1.199
1.986
0.068
2.465
0.47100000000000003
1.2610000000000001
1.958
0.068
2.44
0.448
1.373
1.939
0.096
2.481
0.34700000000000003
1.356
1.875
0.10300000000000001
2.493
0.338
1.51
1.747
0.17500000000000002
2.474
0.298
1.551
1.618
0.195
2.497
0.232
1.577
1.676
0.23500000000000001
2.479
0.178
1.6380000000000001
1.549
0.264
2.479
0.17400000000000002
1.718
1.5090000000000001
0.31
2.516
0.146
1.7510000000000001
1.449
0.335
2.487
0.109
1.828
1.391
0.41500000000000004
2.445
0.077
1.942
1.283
0.506
2.452
0.073
1.95
1.193
0.485
2.411
0.004
2.039
1.1460000000000001
0.597
2.371
0.015
2.083
1.145
0.647
2.3970000000000002
0.021
2.108
1.069
0.723
2.303
0.01
2.196
0.9560000000000001
0.756
2.308
0.0
2.1710000000000003
0.911
0.758
2.307
0.0
2.224
0.885
0.898
2.236
0.0
2.287
0.737
0.995
2.2
0.003
2.321
0.6920000000000001
1.0030000000000001
2.107
0.02
2.345
0.638
1.149
2.079
0.019
2.4090000000000003
0.6
1.17
1.994
0.074
2.449
0.54
1.288
2.0380000000000003
0.041
2.403
0.511
1.299
1.939
0.098
2.437
0.39
1.319
1.852
0.138
2.49
0.368
1.306
1.784
0.17400000000000002
2.473
0.303
1.496
1.675
0.153
2.471
0.276
1.62
1.659
0.223
2.5
0.242
1.67
1.601
0.276
2.465
0.146
1.749
1.502
0.326
2.482
0.156
1.817
1.451
0.377
2.468
0.10300000000000001
1.8960000000000001
1.304
0.399
2.437
0.07
1.986
1.272
0.519
2.431
0.044
1.966
1.17
0.559
2.41
0.049
2.081
1.106
0.639
2.361
0.01
2.1310000000000002
1.037
0.753
2.313
0.0
2.183
0.932
0.8190000000000001
2.283
0.0
2.2520000000000002
0.807
0.901
2.239
0.001
2.286
0.763
0.972
2.146
0.0
2.323
0.666
1.071
2.118
0.006
2.371
0.655
1.127
2.084
0.039
2.41
0.603
1.185
1.99
0.07
2.428
0.537
1.295
1.95
0.07200000000000001
2.453
0.40900000000000003
1.3900000000000001
1.817
0.105
2.49
0.375
1.469
1.7590000000000001
0.152
2.478
0.265
1.506
1.689
0.187
2.497
0.281
1.62
1.584
0.224
2.473
0.222
1.699
1.607
0.271
2.497
0.158
1.7690000000000001
1.484
0.292
2.489
0.149
1.804
1.42
0.37
2.478
0.116
1.875
1.357
0.456
2.436
0.075
1.913
1.319
0.466
2.408
0.035
1.975
1.195
0.55
2.415
0.006
2.036
1.1460000000000001
0.64
2.4010000000000002
0.022
2.104
1.0190000000000001
0.672
2.374
0.026000000000000002
2.1710000000000003
1.01
0.743
2.307
0.0
2.184
0.9500000000000001
0.784
2.283
0.014
2.2520000000000002
0.836
0.913
2.22
0.0
2.235
0.807
0.974
2.165
0.0
2.318
0.708
1.041
2.102
0.025
2.36
0.659
1.133
2.096
0.007
2.384
0.585
1.156
1.999
0.024
2.4050000000000002
0.534
1.237
1.976
0.058
2.439
0.418
1.319
1.874
0.109
2.468
0.375
1.435
1.817
0.124
2.519
0.34
1.5010000000000001
1.726
0.17500000000000002
2.484
0.276
1.57
1.641
0.26
2.5100000000000002
0.278
1.683
1.589
0.27
2.485
0.185
1.719
1.573
0.294
2.49
0.135
1.739
1.3880000000000001
0.308
2.481
0.111
1.8960000000000001
1.353
0.41500000000000004
2.465
0.067
1.93
1.2770000000000001
0.481
2.437
0.021
1.971
1.227
0.55
2.428
0.024
2.068
1.159
0.626
2.39
0.021
2.126
1.058
0.656
2.336
0.008
2.1750000000000003
0.994
0.771
2.297
0.0
2.2
0.892
0.872
2.245
0.01
2.242
0.79
0.913
2.2
0.0
2.321
0.6930000000000001
0.984
2.145
0.004
2.332
0.662
1.108
2.1
0.004
2.382
0.622
1.175
2.099
0.014
2.407
0.5670000000000001
1.214
1.961
0.054
2.432
0.552
1.301
1.93
0.10300000000000001
2.455
0.47700000000000004
1.358
1.807
0.077
2.488
0.33
1.44
1.801
0.17
2.489
0.295
1.538
1.6520000000000001
0.185
2.479
0.232
1.643
1.598
0.29
2.484
0.185
1.7570000000000001
1.5350000000000001
0.327
2.487
0.178
1.776
1.401
0.331
2.463
0.091
1.843
1.365
0.334
2.468
0.074
1.93
1.312
0.41600000000000004
2.452
0.065
1.967
1.226
0.498
2.407
0.058
2.0220000000000002
1.2
0.546
2.39
0.029
2.025
1.183
0.5740000000000001
2.408
0.014
2.081
1.143
0.599
2.39
0.012
2.146
1.0230000000000001
0.659
2.331
0.0
2.187
1.054
0.743
2.302
0.0
2.121
0.884
0.784
2.363
0.0
2.226
0.838
0.8280000000000001
2.263
0.018000000000000002
2.274
0.78
0.878
2.212
0.0
2.329
0.73
0.993
2.195
0.0
2.324
0.678
1.032
2.141
0.003
2.363
0.66
1.104
2.073
0.041
2.384
0.56
1.141
2.052
0.043000000000000003
2.423
0.503
1.196
1.952
0.035
2.418
0.506
1.2570000000000001
1.958
0.083
2.449
0.444
1.361
1.862
0.094
2.47
0.423
1.369
1.7870000000000001
0.096
2.461
0.326
1.424
1.7710000000000001
0.125
2.476
0.28200000000000003
1.51
1.701
0.181
2.505
0.216
1.585
1.643
0.189
2.49
0.215
1.609
1.61
0.27
2.478
0.212
1.678
1.528
0.268
2.478
0.184
1.733
1.516
0.314
2.494
0.169
1.797
1.435
0.369
2.473
0.122
1.851
1.44
0.41200000000000003
2.456
0.114
1.8800000000000001
1.341
0.445
2.457
0.074
1.939
1.2610000000000001
0.509
2.449
0.055
1.959
1.214
0.489
2.394
0.054
2.0260000000000002
1.197
0.5680000000000001
2.4
0.027
2.084
1.158
0.628
2.386
0.004
2.071
1.056
0.63
2.387
0.001
2.109
1.068
0.666
2.32
0.008
2.178
0.962
0.709
2.312
0.021
2.263
0.892
0.855
2.255
0.003
2.287
0.791
0.878
2.216
0.0
2.297
0.785
0.963
2.216
0.0
2.281
0.792
0.993
2.181
0.006
2.349
0.687
1.045
2.165
0.003
2.358
0.654
1.085
2.121
0.02
2.382
0.648
1.1
2.054
0.048
2.395
0.52
1.181
2.031
0.041
2.4290000000000003
0.503
1.183
1.996
0.054
2.445
0.562
1.281
1.901
0.052000000000000005
2.479
0.419
1.365
1.8940000000000001
0.124
2.452
0.401
1.423
1.82
0.109
2.481
0.352
1.45
1.707
0.136
2.487
0.291
1.506
1.746
0.20700000000000002
2.487
0.243
1.5230000000000001
1.668
0.19
2.481
0.253
1.671
1.633
0.22
2.576
0.197
1.693
1.539
0.245
2.48
0.171
1.714
1.5030000000000001
0.353
2.468
0.127
1.809
1.458
0.374
2.484
0.10300000000000001
1.829
1.444
0.422
2.447
0.08600000000000001
1.95
1.37
0.455
2.445
0.093
1.946
1.2530000000000001
0.512
2.4210000000000003
0.027
2.004
1.185
0.561
2.423
0.036000000000000004
2.094
1.127
0.647
2.366
0.036000000000000004
2.1350000000000002
1.066
0.625
2.355
0.0
2.165
0.979
0.677
2.32
0.0
2.1
0.9450000000000001
0.8190000000000001
2.316
0.0
2.244
0.913
0.836
2.2760000000000002
0.0
2.241
0.89
0.855
2.2
0.004
2.312
0.809
0.901
2.207
0.0
2.336
0.783
0.961
2.212
0.0
2.336
0.753
1.0030000000000001
2.162
0.003
2.365
0.6890000000000001
1.033
2.173
0.0
2.354
0.605
1.084
2.113
0.007
2.398
0.5630000000000001
1.153
2.013
0.022
2.431
0.56
1.266
1.984
0.046
2.449
0.504
1.2790000000000001
1.941
0.096
2.469
0.42
1.357
1.8880000000000001
0.092
2.436
0.39
1.354
1.797
0.101
2.481
0.33
1.3980000000000001
1.7730000000000001
0.13
2.495
0.316
1.514
1.749
0.187
2.486
0.319
1.537
1.717
0.194
2.499
0.28
1.552
1.668
0.182
2.492
0.216
1.649
1.615
0.264
2.469
0.19
1.667
1.598
0.28300000000000003
2.49
0.145
1.809
1.482
0.366
2.478
0.122
1.801
1.466
0.379
2.492
0.099
1.832
1.401
0.395
2.448
0.08700000000000001
1.8840000000000001
1.34
0.47300000000000003
2.462
0.07
1.96
1.254
0.448
2.445
0.069
2.017
1.266
0.536
2.411
0.043000000000000003
2.004
1.165
0.596
2.386
0.028
2.041
1.103
0.584
2.402
0.003
2.102
1.091
0.635
2.355
0.0
2.108
1.033
0.718
2.337
0.0
2.184
0.896
0.8200000000000001
2.277
0.0
2.22
0.88
0.875
2.259
0.0
2.295
0.766
0.864
2.204
0.0
2.302
0.787
0.9560000000000001
2.182
0.0
2.336
0.758
1.004
2.12
0.004
2.358
0.671
1.095
2.108
0.034
2.374
0.652
1.101
2.0420000000000003
0.036000000000000004
2.436
0.519
1.2570000000000001
1.984
0.057
2.423
0.496
1.301
1.9160000000000001
0.091
2.471
0.417
1.353
1.872
0.033
2.453
0.373
1.433
1.804
0.14
2.481
0.327
1.546
1.7570000000000001
0.17400000000000002
2.497
0.242
1.5310000000000001
1.639
0.21
2.507
0.198
1.603
1.6600000000000001
0.244
2.487
0.182
1.688
1.569
0.313
2.482
0.185
1.77
1.459
0.304
2.495
0.093
1.86
1.363
0.382
2.444
0.078
1.863
1.322
0.436
2.449
0.066
1.959
1.22
0.48
2.426
0.019
2.023
1.187
0.5710000000000001
2.376
0.0
2.084
1.061
0.676
2.3970000000000002
0.0
2.178
0.968
0.772
2.312
0.008
2.216
0.842
0.794
2.2520000000000002
0.0
2.303
0.795
0.9570000000000001
2.183
0.0
2.332
0.713
1.046
2.149
0.0
2.344
0.624
1.063
2.062
0.009000000000000001
2.416
0.598
1.167
2.075
0.029
2.432
0.486
1.2770000000000001
1.975
0.062
2.455
0.458
1.27
1.9120000000000001
0.09
2.497
0.379
1.401
1.82
0.109
2.462
0.324
1.53
1.703
0.163
2.5
0.256
1.585
1.641
0.254
2.511
0.19
1.709
1.502
0.34400000000000003
2.5020000000000002
0.151
1.812
1.459
0.383
2.457
0.1
1.928
1.3
0.485
2.428
0.038
1.983
1.178
0.627
2.368
0.004
2.125
1.075
0.641
2.374
0.0
2.141
0.975
0.769
2.302
0.011
2.242
0.859
0.836
2.207
0.002
2.207
0.796
0.9580000000000001
2.17
0.014
2.344
0.68
1.093
2.084
0.029
2.394
0.614
1.162
2.023
0.038
2.434
0.464
1.236
1.984
0.062
2.444
0.464
1.353
1.9060000000000001
0.1
2.467
0.369
1.3880000000000001
1.794
0.129
2.497
0.34500000000000003
1.5030000000000001
1.7510000000000001
0.189
2.49
0.245
1.604
1.6560000000000001
0.228
2.5180000000000002
0.203
1.612
1.653
0.253
2.494
0.17500000000000002
1.772
1.499
0.354
2.463
0.107
1.784
1.438
0.395
2.49
0.116
1.867
1.349
0.47300000000000003
2.458
0.073
1.979
1.238
0.441
2.432
0.061
2.029
1.12
0.592
2.41
0.02
2.055
1.041
0.68
2.35
0.01
2.148
1.031
0.705
2.345
0.0
2.176
0.979
0.805
2.303
0.016
2.255
0.855
0.907
2.205
0.0
2.213
0.8
0.982
2.16
0.006
2.329
0.707
1.04
2.1350000000000002
0.0
2.378
0.614
1.129
2.097
0.028
2.388
0.628
1.16
2.027
0.053
2.411
0.514
1.181
1.951
0.057
2.426
0.445
1.332
1.885
0.08700000000000001
2.461
0.385
1.352
1.81
0.129
2.489
0.36
1.457
1.738
0.17500000000000002
2.494
0.281
1.61
1.717
0.211
2.58
0.265
1.623
1.615
0.272
2.486
0.17
1.738
1.5270000000000001
0.281
2.468
0.137
1.77
1.463
0.387
2.461
0.095
1.899
1.315
0.404
2.439
0.041
2.004
1.224
0.507
2.4130000000000003
0.046
2.057
1.168
0.616
2.387
0.0
2.079
1.026
0.652
2.308
0.024
2.208
0.921
0.776
2.294
0.0
2.2800000000000002
0.78
0.892
2.295
0.0
2.328
0.664
0.991
2.063
0.016
2.379
0.56
1.112
2.996
0.033
2.416
0.508
1.285
1.926
0.08600000000000001
2.435
0.4
1.319
1.802
0.116
2.468
0.34
1.484
1.776
0.178
2.499
0.29
1.556
1.704
0.201
2.482
0.2
1.649
1.602
0.257
2.481
0.17400000000000002
1.7810000000000001
1.479
0.336
2.479
0.148
1.855
1.387
0.436
2.482
0.084
1.8900000000000001
1.336
0.46
2.44
0.033
1.955
1.214
0.519
2.4210000000000003
0.033
2.0420000000000003
1.177
0.625
2.41
0.036000000000000004
2.118
1.076
0.706
2.307
0.0
2.184
0.9580000000000001
0.809
2.258
0.0
2.237
0.8
0.879
2.2520000000000002
0.0
2.305
0.754
0.998
2.165
0.017
2.366
0.648
1.1380000000000001
2.069
0.006
2.403
0.525
1.1360000000000001
2.016
0.028
2.42
0.464
1.27
1.9040000000000001
0.037
2.473
0.381
1.3900000000000001
1.807
0.109
2.494
0.31
1.542
1.686
0.219
2.484
0.249
1.649
1.657
0.253
2.508
0.186
1.682
1.5070000000000001
0.311
2.473
0.14100000000000001
1.7730000000000001
1.432
0.39
2.48
0.095
1.917
1.299
0.484
2.447
0.058
1.962
1.222
0.546
2.42
0.032
2.036
1.197
0.577
2.366
0.012
2.1390000000000002
1.063
0.672
2.357
0.0
2.17
0.998
0.746
2.327
0.007
2.226
0.9
0.8250000000000001
2.255
0.0
2.262
0.8150000000000001
0.9
2.199
0.003
2.315
0.743
1.029
2.168
0.0
2.378
0.6940000000000001
1.058
2.073
0.021
2.387
0.5680000000000001
1.118
1.994
0.054
2.416
0.519
1.2770000000000001
1.968
0.047
2.458
0.452
1.304
1.883
0.099
2.455
0.4
1.323
1.855
0.126
2.471
0.368
1.467
1.723
0.125
2.489
0.299
1.564
1.679
0.212
2.498
0.278
1.619
1.647
0.259
2.498
0.24
1.689
1.473
0.292
2.465
0.132
1.7870000000000001
1.421
0.331
2.487
0.109
1.889
1.381
0.431
2.437
0.062
1.923
1.278
0.545
2.4170000000000003
0.064
2.049
1.206
0.5640000000000001
2.411
0.007
2.091
1.139
0.63
2.384
0.0
2.1
1.045
0.704
2.35
0.0
2.21
0.9400000000000001
0.758
2.312
0.0
2.236
0.888
0.872
2.2680000000000002
0.0
2.278
0.761
0.932
2.176
0.0
2.337
0.6940000000000001
1.091
2.105
0.0
2.387
0.614
1.18
2.0100000000000002
0.034
2.42
0.507
1.232
1.959
0.085
2.465
0.417
1.317
1.927
0.08600000000000001
2.487
0.337
1.467
1.778
0.177
2.486
0.353
1.546
1.697
0.182
2.486
0.263
1.615
1.584
0.229
2.5100000000000002
0.211
1.71
1.5310000000000001
0.33
2.479
0.116
1.86
1.356
0.359
2.457
0.07
1.923
1.2770000000000001
0.493
2.4
0.049
2.028
1.1
0.583
2.379
0.023
2.1
1.012
0.664
2.329
0.0
2.2
0.971
0.791
2.2760000000000002
0.0
2.294
0.84
0.932
2.207
0.006
2.334
0.755
1.024
2.104
0.0
2.407
0.62
1.151
2.0300000000000002
0.051000000000000004
2.4290000000000003
0.515
1.306
1.917
0.089
2.445
0.424
1.401
1.851
0.151
2.473
0.321
1.526
1.7530000000000001
0.187
2.487
0.28800000000000003
1.605
1.613
0.215
2.5
0.19
1.743
1.549
0.324
2.494
0.158
1.79
1.478
0.34400000000000003
2.49
0.091
1.847
1.357
0.45
2.449
0.085
1.965
1.2570000000000001
0.464
2.438
0.031
1.969
1.162
0.5670000000000001
2.407
0.0
2.069
1.069
0.645
2.345
0.013000000000000001
2.162
0.975
0.727
2.313
0.0
2.212
0.913
0.849
2.262
0.0
2.2680000000000002
0.775
1.0010000000000001
2.184
0.009000000000000001
2.347
0.761
1.004
2.075
0.018000000000000002
2.368
0.552
1.104
2.023
0.046
2.445
0.47500000000000003
1.325
1.9060000000000001
0.089
2.468
0.406
1.456
1.806
0.128
2.492
0.321
1.5230000000000001
1.707
0.20700000000000002
2.461
0.265
1.6300000000000001
1.643
0.253
2.5020000000000002
0.219
1.682
1.564
0.297
2.481
0.156
1.797
1.407
0.321
2.478
0.095
1.846
1.3800000000000001
0.453
2.468
0.091
1.979
1.322
0.463
2.453
0.033
1.975
1.172
0.529
2.428
0.016
2.019
1.129
0.663
2.35
0.02
2.113
1.068
0.684
2.326
0.0
2.184
0.904
0.781
2.277
0.0
2.22
0.8240000000000001
0.895
2.235
0.02
2.297
0.755
0.996
2.1550000000000002
0.0
2.368
0.747
1.062
2.146
0.0
2.399
0.5650000000000001
1.188
2.021
0.03
2.434
0.542
1.2750000000000001
1.9160000000000001
0.083
2.474
0.384
1.425
1.821
0.125
2.478
0.34800000000000003
1.481
1.764
0.17400000000000002
2.513
0.28200000000000003
1.583
1.71
0.215
2.513
0.253
1.643
1.593
0.29
2.498
0.193
1.736
1.544
0.309
2.489
0.157
1.822
1.427
0.41200000000000003
2.477
0.10400000000000001
1.889
1.343
0.459
2.458
0.053
1.989
1.247
0.5630000000000001
2.42
0.042
2.083
1.124
0.643
2.37
0.02
2.125
1.062
0.6990000000000001
2.342
0.016
2.201
0.992
0.772
2.2760000000000002
0.0
2.259
0.907
0.884
2.247
0.012
2.289
0.844
0.9510000000000001
2.166
0.0
2.32
0.7030000000000001
1.076
2.096
0.025
2.379
0.655
1.1420000000000001
2.0460000000000003
0.038
2.407
0.5640000000000001
1.19
1.975
0.042
2.457
0.448
1.2650000000000001
1.875
0.099
2.481
0.403
1.33
1.852
0.128
2.481
0.335
1.441
1.735
0.14100000000000001
2.41
0.298
1.5190000000000001
1.672
0.14200000000000002
2.5100000000000002
0.23900000000000002
1.57
1.665
0.216
2.509
0.189
1.693
1.549
0.274
2.481
0.17200000000000001
1.805
1.461
0.365
2.487
0.184
1.857
1.3860000000000001
0.456
2.439
0.074
1.01
1.219
0.481
2.4
0.043000000000000003
2.062
1.072
0.552
2.345
0.0
2.121
1.0210000000000001
0.73
2.312
0.0
2.192
0.888
0.781
2.244
0.0
2.2680000000000002
0.839
0.923
2.2
0.0
2.34
0.722
1.074
2.102
0.033
2.384
0.623
1.143
1.986
0.043000000000000003
2.44
0.464
1.333
1.917
0.096
2.466
0.434
1.372
1.809
0.136
2.491
0.28600000000000003
1.497
1.749
0.198
2.515
0.23
1.591
1.6280000000000001
0.229
2.478
0.194
1.733
1.5
0.377
2.505
0.115
1.843
1.4040000000000001
0.44
2.464
0.055
1.946
1.241
0.538
2.411
0.022
2.051
1.111
0.618
2.363
0.013000000000000001
2.152
1.018
0.727
2.329
0.008
2.251
0.888
0.861
2.229
0.027
2.279
0.756
1.0210000000000001
2.137
0.006
2.376
0.677
1.087
2.072
0.043000000000000003
2.415
0.518
1.183
1.993
0.078
2.455
0.466
1.321
1.86
0.12
2.457
0.359
1.48
1.786
0.168
2.497
0.277
1.5010000000000001
1.671
0.181
2.403
0.23600000000000002
1.683
1.573
0.271
2.484
0.189
1.7690000000000001
1.495
0.35000000000000003
2.491
0.11900000000000001
1.8920000000000001
1.385
0.438
2.448
0.101
1.93
1.288
0.495
2.448
0.053
2.036
1.178
0.58
2.387
0.011
2.116
1.033
0.711
2.313
0.0
2.183
0.88
0.773
2.2840000000000003
0.008
2.238
0.888
0.894
2.218
0.0
2.321
0.738
1.0170000000000001
2.133
0.0
2.365
0.626
1.067
2.094
0.022
2.416
0.561
1.191
2.033
0.048
2.416
0.458
1.2590000000000001
1.923
0.077
2.435
0.423
1.344
1.8780000000000001
0.101
2.458
0.383
1.438
1.778
0.134
2.492
0.311
1.55
1.668
0.187
2.498
0.199
1.612
1.6
0.278
2.507
0.193
1.735
1.5090000000000001
0.317
2.473
0.149
1.854
1.425
0.41200000000000003
2.434
0.073
1.8780000000000001
1.326
0.455
2.4290000000000003
0.041
2.039
1.227
0.593
2.4
0.008
2.0460000000000003
1.064
0.673
2.379
0.016
2.16
0.997
0.76
2.317
0.0
2.21
0.911
0.838
2.253
0.0
2.2680000000000002
0.893
0.859
2.231
0.0
2.297
0.8210000000000001
0.963
2.178
0.0
2.347
0.749
1.0110000000000001
2.149
0.019
2.3850000000000002
0.659
1.12
2.096
0.033
2.403
0.5720000000000001
1.133
2.025
0.021
2.4210000000000003
0.538
1.24
1.967
0.084
2.444
0.41600000000000004
1.373
1.864
0.08
2.463
0.369
1.448
1.764
0.131
2.513
0.275
1.536
1.6560000000000001
0.24
2.479
0.24
1.698
1.571
0.29
2.466
0.124
1.813
1.42
0.378
2.465
0.11800000000000001
1.865
1.336
0.483
2.436
0.056
1.982
1.236
0.533
2.4210000000000003
0.028
2.09
1.1500000000000001
0.606
2.339
0.0
2.074
1.055
0.73
2.334
0.0
2.197
0.961
0.705
2.299
0.0
2.21
0.969
0.8270000000000001
2.2600000000000002
0.006
2.279
0.841
0.93
2.2600000000000002
0.003
2.303
0.682
1.004
2.099
0.014
2.371
0.601
1.081
2.02
0.036000000000000004
2.41
0.592
1.206
1.989
0.003
2.439
0.5660000000000001
1.256
1.923
0.058
2.453
0.468
1.34
1.932
0.12
2.47
0.383
1.418
1.799
0.145
2.5100000000000002
0.315
1.464
1.695
0.106
2.516
0.215
1.578
1.6540000000000001
0.25
2.492
0.217
1.696
1.5170000000000001
0.315
2.503
0.178
1.774
1.456
0.366
2.466
0.107
1.8760000000000001
1.3880000000000001
0.405
2.479
0.078
1.975
1.282
0.52
2.452
0.066
2.0100000000000002
1.182
0.586
2.388
0.018000000000000002
2.025
1.034
0.685
2.342
0.015
2.187
0.9560000000000001
0.757
2.279
0.0
2.236
0.917
0.842
2.248
0.003
2.291
0.788
0.969
2.183
0.017
2.355
0.738
1.044
2.1630000000000003
0.013000000000000001
2.399
0.644
1.133
2.054
0.057
2.341
0.528
1.187
1.984
0.067
2.442
0.487
1.293
1.925
0.079
2.471
0.387
1.3940000000000001
1.865
0.132
2.486
0.324
1.51
1.739
0.201
2.49
0.23
1.606
1.6380000000000001
0.257
2.482
0.17400000000000002
1.726
1.588
0.302
2.465
0.116
1.839
1.437
0.391
2.458
0.188
1.859
1.4000000000000001
0.425
2.458
0.095
1.873
1.339
0.47300000000000003
2.436
0.051000000000000004
1.988
1.203
0.562
2.4
0.018000000000000002
2.067
1.103
0.637
2.4
0.0
2.137
0.975
0.6990000000000001
2.2920000000000003
0.0
2.234
0.963
0.8240000000000001
2.27
0.008
2.253
0.785
0.892
2.162
0.014
2.358
0.714
1.04
2.071
0.025
2.366
0.673
1.121
2.004
0.029
2.437
0.522
1.28
1.913
0.07
2.455
0.39
1.296
1.822
0.088
2.455
0.362
1.479
1.801
0.14100000000000001
2.489
0.339
1.512
1.707
0.20600000000000002
2.479
0.278
1.61
1.615
0.263
2.503
0.178
1.772
1.497
0.326
2.482
0.138
1.83
1.409
0.406
2.455
0.063
1.942
1.31
0.492
2.461
0.062
1.974
1.23
0.5700000000000001
2.408
0.041
2.025
1.163
0.581
2.379
0.005
2.094
1.032
0.65
2.362
0.012
2.2
0.966
0.8250000000000001
2.278
0.0
2.271
0.892
0.849
2.246
0.0
2.305
0.789
0.984
2.216
0.0
2.329
0.718
1.041
2.158
0.004
2.349
0.712
0.983
2.096
0.0
2.382
0.659
1.094
2.096
0.003
2.41
0.606
1.203
2.045
0.03
2.428
0.544
1.199
2.023
0.046
2.447
0.481
1.318
1.915
0.099
2.452
0.41200000000000003
1.3940000000000001
1.846
0.129
2.49
0.363
1.453
1.7810000000000001
0.153
2.471
0.34700000000000003
1.493
1.726
0.17
2.479
0.34700000000000003
1.549
1.686
0.177
2.497
0.255
1.609
1.635
0.24
2.49
0.203
1.659
1.6460000000000001
0.231
2.482
0.169
1.681
1.5070000000000001
0.278
2.493
0.14
1.809
1.446
0.34800000000000003
2.5
0.124
1.853
1.361
0.456
2.478
0.066
1.868
1.262
0.46900000000000003
2.432
0.02
1.971
1.241
0.549
2.415
0.008
2.017
1.112
0.611
2.4130000000000003
0.022
2.108
1.098
0.66
2.374
0.0
2.165
0.99
0.754
2.319
0.0
2.223
0.913
0.769
2.262
0.0
2.274
0.927
0.853
2.212
0.0
2.291
0.8160000000000001
0.9460000000000001
2.204
0.046
2.347
0.743
0.967
2.1750000000000003
0.014
2.345
0.643
1.108
2.099
0.018000000000000002
2.418
0.5710000000000001
1.206
2.029
0.029
2.403
0.526
1.246
1.9140000000000001
0.039
2.44
0.442
1.272
1.859
0.098
2.461
0.393
1.425
1.841
0.124
2.498
0.325
1.422
1.76
0.182
2.486
0.299
1.569
1.637
0.182
2.505
0.229
1.6380000000000001
1.598
0.263
2.507
0.19
1.736
1.542
0.276
2.48
0.134
1.736
1.5090000000000001
0.328
2.483
0.132
1.838
1.412
0.369
2.453
0.092
1.834
1.403
0.402
2.445
0.09
1.897
1.351
0.43
2.453
0.08700000000000001
1.957
1.2690000000000001
0.495
2.426
0.053
2.036
1.175
0.5690000000000001
2.432
0.024
2.087
1.109
0.587
2.378
0.008
2.1310000000000002
1.091
0.664
2.336
0.01
2.195
0.962
0.743
2.319
0.0
2.208
0.9430000000000001
0.786
2.31
0.0
2.224
0.8140000000000001
0.917
2.202
0.0
2.27
0.751
0.911
2.165
0.0
2.353
0.7010000000000001
1.0190000000000001
2.194
0.008
2.384
0.617
1.072
2.032
0.029
2.307
0.56
1.162
2.036
0.03
2.4250000000000003
0.47500000000000003
1.302
1.933
0.09
2.455
0.448
1.348
1.8860000000000001
0.074
2.458
0.37
1.436
1.81
0.106
2.461
0.355
1.464
1.808
0.169
2.474
0.323
1.538
1.709
0.169
2.479
0.257
1.536
1.748
0.201
2.473
0.226
1.6600000000000001
1.593
0.224
2.505
0.197
1.705
1.552
0.249
2.474
0.271
1.694
1.579
0.274
2.495
0.186
1.739
1.508
0.315
2.494
0.17
1.723
1.504
0.319
2.474
0.164
1.812
1.465
0.34600000000000003
2.484
0.123
1.826
1.448
0.386
2.478
0.095
1.858
1.357
0.41000000000000003
2.456
0.068
1.949
1.266
0.498
2.462
0.038
1.0170000000000001
1.199
0.5760000000000001
2.408
0.059000000000000004
2.039
1.175
0.5740000000000001
2.378
0.012
2.016
1.122
0.661
2.363
0.014
2.075
1.04
0.661
2.387
0.016
2.12
1.066
0.6890000000000001
2.358
0.0
2.168
1.014
0.733
2.345
0.012
2.142
0.996
0.781
2.326
0.0
2.229
0.926
0.8160000000000001
2.249
0.0
2.242
0.833
0.933
2.226
0.003
2.281
0.775
0.979
2.168
0.0
2.229
0.709
0.9530000000000001
2.1710000000000003
0.003
2.353
0.7010000000000001
1.058
2.136
0.0
2.357
0.639
1.0110000000000001
2.092
0.007
2.37
0.642
1.153
2.025
0.045
2.374
0.529
1.187
1.976
0.049
2.428
0.495
1.214
1.9160000000000001
0.068
2.449
0.445
1.319
1.972
0.10400000000000001
2.477
0.39
1.356
1.798
0.11900000000000001
2.455
0.362
1.472
1.801
0.165
2.477
0.325
1.52
1.723
0.20400000000000001
2.481
0.249
1.594
1.635
0.16
2.486
0.214
1.6640000000000001
1.623
0.234
2.473
0.194
1.73
1.5250000000000001
0.298
2.48
0.20500000000000002
1.743
1.552
0.338
2.473
0.112
1.7890000000000001
1.435
0.426
2.466
0.099
1.8800000000000001
1.349
0.447
2.469
0.062
1.967
1.243
0.452
2.426
0.064
2.015
1.239
0.551
2.4290000000000003
0.007
2.027
1.1320000000000001
0.561
2.352
0.023
2.097
1.037
0.666
2.341
0.01
2.15
1.937
0.713
2.287
0.007
2.231
0.974
0.8160000000000001
2.307
0.0
2.228
0.863
0.922
2.235
0.0
2.315
0.738
0.93
2.16
0.0
2.345
0.674
1.085
2.107
0.017
2.366
0.627
1.17
2.059
0.03
2.444
0.54
1.246
2.028
0.07
2.423
0.462
1.291
1.917
0.08600000000000001
2.453
0.379
1.412
1.857
0.131
2.494
0.327
1.496
1.73
0.128
2.519
0.273
1.5250000000000001
1.707
0.224
2.497
0.229
1.524
1.618
0.229
2.503
0.21
1.62
1.561
0.299
2.474
0.148
1.812
1.427
0.388
2.494
0.123
1.869
1.454
0.398
2.465
0.099
1.8920000000000001
1.326
0.493
2.461
0.064
1.931
1.217
0.492
2.439
0.051000000000000004
1.992
1.193
0.582
2.403
0.014
2.05
1.129
0.5650000000000001
2.363
0.0
2.067
1.041
0.6920000000000001
2.356
0.036000000000000004
2.157
0.965
0.687
2.331
0.008
2.186
0.9450000000000001
0.793
2.308
0.0
2.208
0.936
0.811
2.274
0.0
2.2600000000000002
0.811
0.9480000000000001
2.246
0.0
2.323
0.763
1.0010000000000001
2.216
0.0
2.302
0.718
1.006
2.152
0.0
2.35
0.659
0.999
2.102
0.01
2.395
0.647
1.062
2.113
0.012
2.362
0.581
1.106
2.0380000000000003
0.035
2.4130000000000003
0.5740000000000001
1.207
2.049
0.043000000000000003
2.432
0.518
1.154
1.989
0.039
2.455
0.535
1.234
1.917
0.048
2.435
0.44
1.306
1.881
0.064
2.474
0.41500000000000004
1.357
1.8760000000000001
0.1
2.457
0.419
1.432
1.838
0.036000000000000004
2.481
0.363
1.426
1.784
0.158
2.479
0.319
1.5330000000000001
1.7830000000000001
0.156
2.473
0.306
1.564
1.746
0.19
2.481
0.262
1.594
1.6440000000000001
0.191
2.503
0.224
1.59
1.589
0.233
2.48
0.182
1.675
1.559
0.295
2.494
0.196
1.738
1.5230000000000001
0.331
2.465
0.123
1.801
1.365
0.377
2.463
0.091
1.8960000000000001
1.359
0.43
2.444
0.053
1.965
1.232
0.525
2.436
0.028
1.951
1.245
0.501
2.406
0.023
2.0420000000000003
1.165
0.534
2.424
0.0
2.083
1.101
0.59
2.367
0.005
2.121
1.093
0.672
2.352
0.002
2.1710000000000003
1.058
0.6930000000000001
2.35
0.001
2.162
0.962
0.772
2.32
0.008
2.168
0.962
0.8210000000000001
2.291
0.0
2.27
0.852
0.901
2.236
0.008
2.287
0.804
0.974
2.178
0.005
2.324
0.738
0.989
2.164
0.014
2.344
0.651
1.022
2.094
0.031
2.387
0.598
1.165
2.017
0.039
2.329
0.594
1.213
2.009
0.067
2.442
0.524
1.282
1.943
0.06
2.442
0.39
1.304
1.863
0.08700000000000001
2.476
0.381
1.419
1.831
0.11
2.485
0.331
1.486
1.7830000000000001
0.17
2.474
0.318
1.51
1.78
0.163
2.5
0.278
1.589
1.6460000000000001
0.234
2.523
0.22
1.606
1.598
0.271
2.503
0.188
1.71
1.5170000000000001
0.27
2.489
0.17400000000000002
1.7650000000000001
1.476
0.356
2.468
0.11800000000000001
1.849
1.375
0.40900000000000003
2.461
0.088
1.925
1.358
0.46
2.432
0.058
1.931
1.232
0.541
2.436
0.045
1.999
1.153
0.615
2.407
0.012
2.023
1.122
0.653
2.378
0.017
2.121
1.004
0.6930000000000001
2.332
0.009000000000000001
2.146
1.054
0.771
2.313
0.0
2.218
0.903
0.779
2.2840000000000003
0.0
2.2600000000000002
0.842
0.93
2.221
0.0
2.283
0.751
0.001
2.1750000000000003
0.001
2.313
0.709
0.9500000000000001
2.136
0.0
2.35
0.654
1.1
2.058
0.005
2.382
0.603
1.162
1.979
0.043000000000000003
2.448
0.481
1.223
1.943
0.08
2.452
0.47300000000000003
1.28
1.965
0.08700000000000001
2.458
0.456
1.375
1.87
0.114
2.464
0.394
1.43
1.813
0.135
2.47
0.357
1.485
1.814
0.171
2.479
0.278
1.5170000000000001
1.678
0.17200000000000001
2.496
0.281
1.608
1.706
0.196
2.486
0.22
1.6480000000000001
1.621
0.29
2.492
0.22
1.697
1.569
0.306
2.483
0.171
1.744
1.451
0.322
2.484
0.131
1.815
1.432
0.399
2.461
0.10300000000000001
1.869
1.365
0.402
2.454
0.098
1.938
1.306
0.493
2.449
0.064
1.973
1.2570000000000001
0.527
2.422
0.017
2.0420000000000003
1.207
0.5700000000000001
2.387
0.035
2.084
1.122
0.618
2.3810000000000002
0.017
2.124
1.119
0.662
2.337
0.033
2.146
1.0110000000000001
0.727
2.341
0.0
2.1470000000000002
1.029
0.747
2.322
0.0
2.16
0.893
0.772
2.297
0.0
2.2520000000000002
0.888
0.834
2.27
0.0
2.287
0.861
0.86
2.245
0.006
2.287
0.783
0.968
2.165
0.0
2.328
0.705
1.0210000000000001
2.141
0.011
2.332
0.707
1.033
2.112
0.0
2.36
0.636
1.145
2.091
0.035
2.394
0.623
1.113
2.0100000000000002
0.038
2.332
0.561
1.191
2.015
0.021
2.426
0.501
1.27
1.987
0.064
2.423
0.493
1.288
1.926
0.078
2.468
0.41400000000000003
1.305
1.868
0.077
2.453
0.41100000000000003
1.372
1.852
0.1
2.46
0.356
1.42
1.7670000000000001
0.151
2.481
0.313
1.554
1.746
0.165
2.578
0.232
1.5250000000000001
1.667
0.22
2.493
0.23
1.673
1.609
0.25
2.505
0.17400000000000002
1.701
1.53
0.311
2.508
0.138
1.707
1.469
0.322
2.494
0.14400000000000002
1.7770000000000001
1.458
0.392
2.453
0.10300000000000001
1.909
1.351
0.422
2.44
0.073
1.889
1.248
0.41500000000000004
2.424
0.059000000000000004
1.96
1.287
0.521
2.43
0.041
2.052
1.1400000000000001
0.5760000000000001
2.415
0.005
2.087
1.08
0.685
2.371
0.02
2.133
1.078
0.722
2.352
0.0
2.142
0.9530000000000001
0.718
2.349
0.0
2.184
0.908
0.78
2.291
0.0
2.245
0.868
0.806
2.245
0.004
2.236
0.88
0.846
2.27
0.0
2.242
0.806
0.877
2.237
0.0
2.294
0.781
0.979
2.186
0.0
2.312
0.709
1.016
2.182
0.0
2.347
0.705
1.054
2.136
0.0
2.38
0.639
1.042
2.078
0.017
2.378
0.547
1.12
2.077
0.016
2.422
0.501
1.193
2.023
0.058
2.428
0.507
1.286
1.959
0.064
2.465
0.45
1.2610000000000001
1.8920000000000001
0.079
2.458
0.41200000000000003
1.3960000000000001
1.838
0.08700000000000001
2.481
0.392
1.383
1.797
0.10300000000000001
2.489
0.361
1.432
1.826
0.14200000000000002
2.476
0.38
1.465
1.7870000000000001
0.132
2.507
0.291
1.488
1.7550000000000001
0.178
2.481
0.321
1.502
1.744
0.154
2.511