
0.539
2.492
0.47000000000000003
0.912
2.422
0.20400000000000001
1.29
2.247
0.038
1.6300000000000001
1.968
0.0
1.971
1.612
0.04
2.237
1.241
0.219
2.422
0.884
0.47200000000000003
2.482
0.528
0.806
2.432
0.256
1.178
2.301
0.07100000000000001
1.548
2.029
0.0
1.924
1.733
0.009000000000000001
2.179
1.353
0.177
2.375
0.9480000000000001
0.488
2.495
0.627
0.716
2.457
0.341
1.097
2.337
0.091
1.457
2.099
0.003
1.809
1.7890000000000001
0.036000000000000004
2.141
1.429
0.109
2.339
1.071
0.323
2.466
0.724
0.622
2.479
0.397
0.998
2.4
0.165
1.361
2.213
0.013000000000000001
1.718
1.907
0.001
2.0380000000000003
1.539
0.07
2.302
1.18
0.245
2.466
0.805
0.522
2.503
0.515
0.848
2.445
0.229
1.236
2.248
0.056
1.627
1.992
0.0
1.947
1.673
0.027
2.233
1.297
0.215
2.416
0.896
0.447
2.498
0.5680000000000001
0.767
2.46
0.292
1.156
2.305
0.066
1.51
2.055
0.0
1.868
1.738
0.012
2.192
1.393
0.171
2.3890000000000002
1.032
0.384
2.474
0.638
0.685
2.471
0.341
1.059
2.352
0.124
1.446
2.128
0.0
1.813
1.813
0.0
2.126
1.475
0.091
2.32
1.097
0.332
2.486
0.728
0.626
2.498
0.405
0.9460000000000001
2.4050000000000002
0.185
1.351
2.187
0.017
1.715
1.901
0.008
2.044
1.577
0.06
2.303
1.177
0.24
2.432
0.834
0.5730000000000001
2.486
0.47000000000000003
0.872
2.44
0.20400000000000001
1.232
2.245
0.051000000000000004
1.631
1.953
0.005
1.959
1.6440000000000001
0.054
2.215
1.274
0.217
2.403
0.888
0.459
2.468
0.56
0.788
2.452
0.297
1.177
2.294
0.097
1.52
2.068
0.001
1.897
1.743
0.003
2.1710000000000003
1.349
0.14100000000000001
2.382
0.996
0.377
2.481
0.653
0.712
2.464
0.353
1.085
2.366
0.131
1.435
2.113
0.0
1.823
1.826
0.0
2.104
1.465
0.123
2.347
1.075
0.319
2.474
0.742
0.634
2.469
0.402
0.9510000000000001
2.394
0.145
1.3880000000000001
2.204
0.011
1.732
1.8920000000000001
0.006
2.05
1.556
0.07
2.297
1.186
0.27
2.435
0.8260000000000001
0.5710000000000001
2.478
0.47400000000000003
0.891
2.4050000000000002
0.223
1.28
2.255
0.058
1.645
1.948
0.0
1.962
1.6600000000000001
0.033
2.2520000000000002
1.2530000000000001
0.217
2.44
0.894
0.46900000000000003
2.503
0.5630000000000001
0.805
2.463
0.265
1.161
2.2880000000000003
0.093
1.544
2.076
0.0
1.8780000000000001
1.713
0.021
2.194
1.357
0.17400000000000002
2.379
1.0170000000000001
0.391
2.487
0.625
0.72
2.458
0.327
1.06
2.358
0.127
1.466
2.113
0.008
1.7890000000000001
1.833
0.0
2.107
1.454
0.097
2.36
1.091
0.319
2.481
0.73
0.601
2.471
0.4
0.979
2.384
0.182
1.365
2.188
0.016
1.739
1.889
0.003
2.063
1.5230000000000001
0.088
2.32
1.174
0.301
2.474
0.77
0.581
2.492
0.45
0.917
2.426
0.193
1.283
2.224
0.028
1.678
1.946
0.0
2.0
1.598
0.06
2.2680000000000002
1.217
0.23600000000000002
2.4210000000000003
0.871
0.502
2.494
0.535
0.8300000000000001
2.441
0.26
1.19
2.291
0.066
1.583
2.013
0.0
1.955
1.681
0.03
2.208
1.311
0.202
2.4
0.93
0.40800000000000003
2.482
0.585
0.767
2.465
0.304
1.131
2.346
0.088
1.5270000000000001
2.096
0.0
1.859
1.778
0.026000000000000002
2.165
1.3900000000000001
0.132
2.394
0.985
0.377
2.484
0.635
0.681
2.487
0.355
1.048
2.35
0.116
1.452
2.136
0.006
1.79
1.827
0.0
2.118
1.487
0.12
2.353
1.088
0.319
2.474
0.742
0.616
2.479
0.427
0.96
2.4
0.193
1.356
2.201
0.038
1.72
1.92
0.0
2.012
1.572
0.089
2.297
1.168
0.261
2.436
0.8300000000000001
0.542
2.484
0.465
0.889
2.423
0.212
1.2530000000000001
2.2520000000000002
0.048
1.643
1.979
0.007
1.955
1.6500000000000001
0.058
2.224
1.282
0.191
2.4170000000000003
0.896
0.466
2.5
0.558
0.797
2.46
0.254
1.191
2.298
0.08700000000000001
1.538
2.036
0.0
1.901
1.713
0.039
2.18
1.372
0.17200000000000001
2.387
0.975
0.40700000000000003
2.495
0.631
0.716
2.467
0.332
1.114
2.331
0.107
1.48
2.066
0.0
1.8920000000000001
1.7810000000000001
0.025
2.144
1.415
0.154
2.376
1.039
0.376
2.479
0.657
0.6960000000000001
2.487
0.352
1.062
2.339
0.14300000000000002
1.419
2.133
0.0
1.801
1.838
0.014
2.117
1.448
0.10300000000000001
2.341
1.097
0.33
2.479
0.718
0.635
2.479
0.417
0.984
2.382
0.162
1.348
2.193
0.033
1.704
1.9100000000000001
0.0
2.0340000000000003
1.538
0.083
2.316
1.1300000000000001
0.289
2.437
0.874
0.5710000000000001
2.477
0.468
0.912
2.3970000000000002
0.186
1.278
2.239
0.06
1.6520000000000001
1.956
0.0
2.021
1.577
0.07
2.2600000000000002
1.216
0.245
2.428
0.8270000000000001
0.516
2.481
0.494
0.877
2.436
0.242
1.213
2.237
0.066
1.672
1.988
0.019
1.963
1.675
0.051000000000000004
2.236
1.291
0.20800000000000002
2.411
0.889
0.455
2.466
0.54
0.802
2.44
0.257
1.169
2.273
0.067
1.558
2.053
0.015
1.9000000000000001
1.741
0.013000000000000001
2.184
1.349
0.166
2.395
0.987
0.402
2.495
0.643
0.719
2.492
0.32
1.087
2.332
0.113
1.481
2.099
0.0
1.811
1.788
0.018000000000000002
2.136
1.443
0.12
2.371
1.066
0.356
2.512
0.6900000000000001
0.62
2.476
0.365
0.989
2.366
0.151
1.3900000000000001
2.165
0.019
1.747
1.8840000000000001
0.0
2.073
1.5230000000000001
0.113
2.324
1.153
0.308
2.423
0.753
0.581
2.499
0.451
0.901
2.416
0.17200000000000001
1.328
2.221
0.054
1.677
1.917
0.0
2.005
1.56
0.078
2.294
1.191
0.269
2.447
0.807
0.531
2.494
0.465
0.855
2.426
0.203
1.2690000000000001
2.255
0.053
1.6460000000000001
1.978
0.0
1.988
1.631
0.033
2.228
1.264
0.218
2.426
0.882
0.482
2.507
0.555
0.811
2.439
0.249
1.203
2.266
0.064
1.591
2.029
0.0
1.899
1.683
0.05
2.184
1.307
0.188
2.402
0.9540000000000001
0.40700000000000003
2.486
0.588
0.759
2.473
0.31
1.133
2.328
0.105
1.48
2.079
0.0
1.855
1.776
0.0
2.1310000000000002
1.4040000000000001
0.152
2.384
1.0170000000000001
0.395
2.468
0.676
0.669
2.469
0.364
1.041
2.37
0.116
1.419
2.16
0.029
1.797
1.858
0.0
2.091
1.475
0.095
2.337
1.102
0.305
2.471
0.74
0.583
2.497
0.42
0.971
2.392
0.184
1.341
2.105
0.012
1.693
1.921
0.0
2.0180000000000002
1.585
0.078
2.294
1.199
0.269
2.426
0.8290000000000001
0.511
2.494
0.507
0.869
2.444
0.241
1.2650000000000001
2.257
0.048
1.614
1.983
0.0
1.962
1.651
0.043000000000000003
2.231
1.283
0.213
2.4050000000000002
0.914
0.46900000000000003
2.495
0.561
0.749
2.461
0.266
1.175
2.299
0.064
1.5170000000000001
2.044
0.0
1.915
1.746
0.02
2.207
1.362
0.161
2.384
0.003
0.378
2.494
0.652
0.718
2.47
0.325
1.056
2.368
0.127
1.446
2.11
0.003
1.806
1.803
0.0
2.138
1.438
0.123
2.345
1.048
0.357
2.461
0.651
0.654
2.496
0.386
1.025
2.373
0.126
1.401
2.158
0.003
1.784
1.865
0.004
2.087
1.506
0.089
2.342
1.133
0.314
2.482
0.767
0.609
2.473
0.445
0.965
2.395
0.165
1.343
2.204
0.049
1.698
1.924
0.004
2.012
1.585
0.052000000000000005
2.299
1.185
0.251
2.453
0.835
0.535
2.503
0.481
0.882
2.4130000000000003
0.23900000000000002
1.236
2.242
0.066
1.607
1.981
0.0
1.951
1.661
0.034
2.212
1.307
0.197
2.394
0.896
0.452
2.494
0.585
0.788
2.463
0.294
1.133
2.216
0.003
1.5170000000000001
2.086
0.0
1.86
1.7610000000000001
0.009000000000000001
2.15
1.364
0.153
2.411
1.027
0.391
2.468
0.656
0.705
2.484
0.34400000000000003
1.05
2.368
0.145
1.42
2.1430000000000002
0.004
1.77
1.827
0.0
2.086
1.506
0.091
2.319
1.133
0.331
2.461
0.759
0.588
2.516
0.44
0.9400000000000001
2.41
0.196
1.327
2.213
0.046
1.68
1.9160000000000001
0.004
2.023
1.591
0.068
2.278
1.211
0.253
2.437
0.836
0.498
2.494
0.514
0.864
2.44
0.24
1.214
2.249
0.041
1.593
1.925
0.0
1.949
1.68
0.016
2.221
1.301
0.20700000000000002
2.42
0.9380000000000001
0.436
2.503
0.5680000000000001
0.76
2.463
0.28400000000000003
1.149
2.2920000000000003
0.089
1.5090000000000001
2.087
0.008
1.843
1.752
0.015
2.1510000000000002
1.407
0.146
2.382
1.034
0.365
2.482
0.683
0.6950000000000001
2.468
0.362
1.06
2.345
0.116
1.415
2.15
0.001
1.802
1.825
0.017
2.104
1.466
0.10300000000000001
2.323
1.113
0.305
2.454
0.755
0.592
2.584
0.41000000000000003
0.9580000000000001
2.386
0.189
1.338
2.179
0.016
1.694
1.9060000000000001
0.008
2.013
1.573
0.061
2.273
1.189
0.254
2.4250000000000003
0.834
0.523
2.486
0.497
0.863
2.419
0.23600000000000002
1.245
2.25
0.07200000000000001
1.629
2.0
0.0
1.946
1.6400000000000001
0.044
2.231
1.207
0.218
2.423
0.907
0.439
2.503
0.5720000000000001
0.775
2.437
0.269
1.162
2.3000000000000003
0.079
1.538
2.043
0.0
1.897
1.7510000000000001
0.007
2.197
1.375
0.166
2.375
0.993
0.39
2.489
0.65
0.707
2.49
0.332
1.09
2.327
0.124
1.462
2.137
0.019
1.796
1.813
0.009000000000000001
2.1
1.477
0.10300000000000001
2.331
1.072
0.33
2.479
0.716
0.623
2.498
0.423
0.9520000000000001
2.39
0.177
1.372
2.205
0.033
1.679
1.907
0.001
2.0420000000000003
1.565
0.065
2.271
1.166
0.273
2.455
0.8300000000000001
0.523
2.503
0.5
0.873
2.4290000000000003
0.196
1.2610000000000001
2.245
0.05
1.604
1.971
0.0
1.987
1.6520000000000001
0.042
2.236
1.278
0.195
2.4130000000000003
0.898
0.452
2.508
0.541
0.759
2.463
0.261
1.198
2.305
0.088
1.545
2.0460000000000003
0.0
1.885
1.73
0.028
2.178
1.377
0.157
2.3890000000000002
0.986
0.421
2.487
0.615
0.713
2.458
0.311
1.104
2.352
0.11800000000000001
1.469
2.094
0.008
1.836
1.7890000000000001
0.02
2.124
1.43
0.152
2.332
1.006
0.352
2.48
0.708
0.656
2.511
0.381
1.012
2.39
0.152
1.37
2.158
0.019
1.746
1.8800000000000001
0.0
2.055
1.541
0.085
2.332
1.12
0.296
2.468
0.766
0.592
2.503
0.46
0.9490000000000001
2.3890000000000002
0.187
1.32
2.207
0.026000000000000002
1.67
1.934
0.0
1.996
1.5130000000000001
0.068
2.266
1.227
0.219
2.4290000000000003
0.838
0.514
2.466
0.551
0.8260000000000001
2.44
0.261
1.198
2.299
0.07200000000000001
1.595
2.0060000000000002
0.0
1.949
1.701
0.054
2.213
1.344
0.183
2.406
0.936
0.417
2.5
0.585
0.755
2.467
0.308
1.1
2.345
0.078
1.477
2.105
0.015
1.844
1.766
0.022
2.13
1.412
0.121
2.3890000000000002
1.03
0.34400000000000003
2.461
0.674
0.645
2.49
0.395
0.983
2.372
0.148
1.362
2.197
0.008
1.744
1.8940000000000001
0.0
2.057
1.532
0.092
2.316
1.141
0.266
2.454
0.787
0.556
2.48
0.464
0.927
2.399
0.211
1.306
2.236
0.064
1.6380000000000001
1.973
0.0
1.992
1.606
0.029
2.2680000000000002
1.2530000000000001
0.218
2.439
0.852
0.485
2.489
0.539
0.8160000000000001
2.458
0.244
1.225
2.286
0.08700000000000001
1.577
2.02
0.0
1.923
1.718
0.029
2.204
1.361
0.182
2.386
0.979
0.403
2.493
0.626
0.717
2.471
0.327
1.104
2.337
0.115
1.475
2.197
0.017
1.825
1.812
0.016
2.119
1.456
0.131
2.341
1.066
0.35100000000000003
2.478
0.708
0.635
2.494
0.42
0.963
2.382
0.161
1.332
2.216
0.025
1.688
1.95
0.0
2.0300000000000002
1.581
0.083
2.2600000000000002
1.201
0.224
2.448
0.846
0.503
2.492
0.522
0.8310000000000001
2.449
0.23700000000000002
1.228
2.269
0.062
1.574
2.011
0.0
1.946
1.673
0.022
2.2
1.327
0.198
2.412
0.9520000000000001
0.435
2.478
0.614
0.758
2.461
0.303
1.106
2.318
0.116
1.46
2.113
0.0
1.812
1.812
0.019
2.129
1.448
0.116
2.363
1.075
0.355
2.461
0.719
0.622
2.493
0.383
1.0
2.36
0.17400000000000002
1.357
2.17
0.029
1.746
1.8880000000000001
0.0
2.0420000000000003
1.5330000000000001
0.055
2.302
1.17
0.29
2.46
0.805
0.5640000000000001
2.4130000000000003
0.492
0.905
2.424
0.201
1.293
2.249
0.037
1.61
1.97
0.012
1.962
1.647
0.035
2.258
1.288
0.196
2.406
0.92
0.47100000000000003
2.487
0.5650000000000001
0.792
2.449
0.298
1.151
2.297
0.08700000000000001
1.5330000000000001
2.062
0.004
1.855
1.724
0.039
2.1630000000000003
1.417
0.14100000000000001
2.376
1.049
0.369
2.465
0.672
0.681
2.486
0.368
1.008
2.3810000000000002
0.128
1.485
2.154
0.0
1.732
1.881
0.0
2.052
1.5270000000000001
0.062
2.318
1.1440000000000001
0.295
2.445
0.776
0.5720000000000001
2.494
0.436
0.904
2.432
0.195
1.2650000000000001
2.258
0.04
1.649
1.962
0.0
1.981
1.6640000000000001
0.046
2.245
1.278
0.20700000000000002
2.41
0.9
0.466
2.469
0.554
0.805
2.444
0.28600000000000003
1.1480000000000001
2.305
0.075
1.504
2.084
0.0
1.853
1.7570000000000001
0.03
2.158
1.3940000000000001
0.157
2.342
1.054
0.374
2.473
0.6970000000000001
0.629
2.486
0.377
1.0030000000000001
2.368
0.145
1.379
2.165
0.025
1.75
1.874
0.004
2.074
1.5150000000000001
0.067
2.315
1.151
0.272
2.467
0.781
0.5730000000000001
2.49
0.492
0.917
2.436
0.211
1.2530000000000001
2.271
0.058
1.623
1.984
0.0
1.965
1.6320000000000001
0.035
2.247
1.283
0.20700000000000002
2.4130000000000003
0.896
0.481
2.48
0.555
0.798
2.442
0.277
1.167
2.295
0.075
1.546
2.07
0.0
1.872
1.749
0.02
2.1750000000000003
1.391
0.163
2.366
1.032
0.389
2.497
0.651
0.6900000000000001
2.484
0.365
1.064
2.342
0.126
1.435
2.158
0.031
1.7550000000000001
1.874
0.01
2.089
1.5170000000000001
0.08700000000000001
2.314
1.141
0.294
2.452
0.786
0.582
2.492
0.459
0.927
2.418
0.20700000000000002
1.29
2.213
0.049
1.6520000000000001
1.961
0.0
1.991
1.62
0.049
2.224
1.256
0.212
2.4130000000000003
0.893
0.464
2.5020000000000002
0.548
0.78
2.453
0.269
1.167
2.303
0.067
1.55
2.036
0.0
1.865
1.7550000000000001
0.008
2.158
1.354
0.161
2.387
1.0070000000000001
0.381
2.482
0.64
0.684
2.496
0.35100000000000003
1.066
2.37
0.136
1.459
2.134
0.0
1.806
1.842
0.0
2.12
1.448
0.095
2.323
1.02
0.313
2.474
0.738
0.608
2.481
0.418
0.926
2.392
0.177
1.32
2.199
0.009000000000000001
1.683
1.917
0.0
2.013
1.575
0.07
2.2760000000000002
1.24
0.225
2.403
0.844
0.482
2.483
0.513
0.839
2.45
0.257
1.225
2.274
0.069
1.585
2.036
0.0
1.936
1.704
0.045
2.2
1.315
0.17500000000000002
2.394
0.961
0.402
2.498
0.587
0.743
2.458
0.319
1.091
2.336
0.112
1.462
2.1
0.0
1.826
1.795
0.0
2.097
1.451
0.101
2.341
1.077
0.325
2.471
0.705
0.624
2.49
0.369
0.979
2.378
0.17400000000000002
1.371
2.195
0.02
1.732
1.925
0.007
2.033
1.554
0.084
2.279
1.18
0.253
2.455
0.8150000000000001
0.52
2.508
0.489
0.886
2.428
0.189
1.2670000000000001
2.257
0.053
1.598
1.972
0.0
1.98
1.6440000000000001
0.055
2.227
1.2790000000000001
0.296
2.42
0.896
0.461
2.482
0.5730000000000001
0.81
2.465
0.292
1.153
2.318
0.08700000000000001
1.52
2.049
0.0
1.8800000000000001
1.71
0.035
2.176
1.37
0.136
2.384
1.012
0.4
2.487
0.628
0.716
2.468
0.315
1.068
2.349
0.116
1.432
2.118
0.02
1.82
1.812
0.006
2.105
1.446
0.116
2.342
1.084
0.309
2.449
0.718
0.605
2.474
0.40800000000000003
0.979
2.382
0.188
1.335
2.193
0.003
1.702
1.9020000000000001
0.004
2.02
1.554
0.069
2.274
1.183
0.26
2.432
0.853
0.508
2.513
0.493
0.864
2.4290000000000003
0.249
1.211
2.265
0.038
1.588
2.029
0.008
1.949
1.685
0.033
2.2840000000000003
1.314
0.167
2.403
0.9500000000000001
0.41000000000000003
2.493
0.611
0.743
2.447
0.28600000000000003
1.108
2.32
0.089
1.47
2.1
0.0
1.848
1.809
0.0
2.14
1.445
0.153
2.356
1.058
0.332
2.442
0.6
0.651
2.478
0.373
1.0150000000000001
2.394
0.165
1.359
2.186
0.011
1.704
1.897
0.0
2.031
1.559
0.108
2.302
1.175
0.246
2.436
0.8210000000000001
0.5710000000000001
2.47
0.487
0.888
2.416
0.20700000000000002
1.2690000000000001
2.258
0.041
1.633
1.992
0.0
1.939
1.672
0.034
2.231
1.2730000000000001
0.186
2.411
0.906
0.441
2.486
0.591
0.769
2.457
0.28300000000000003
1.118
2.325
0.069
1.49
2.072
0.011
1.849
1.778
0.011
2.137
1.43
0.136
2.361
1.022
0.341
2.485
0.677
0.672
2.487
0.384
1.01
2.353
0.14300000000000002
1.389
2.148
0.009000000000000001
1.7730000000000001
1.9100000000000001
0.0
2.052
1.522
0.112
2.319
1.145
0.268
2.46
0.782
0.5720000000000001
2.5060000000000002
0.491
0.916
2.392
0.203
1.268
2.226
0.055
1.631
1.979
0.0
1.967
1.618
0.06
2.257
1.298
0.28200000000000003
2.426
0.917
0.445
2.484
0.586
0.763
2.471
0.28800000000000003
1.156
2.307
0.08700000000000001
1.5230000000000001
2.063
0.008
1.865
1.772
0.008
2.1710000000000003
1.423
0.146
2.368
1.03
0.374
2.461
0.671
0.651
2.486
0.398
1.0170000000000001
2.395
0.14400000000000002
1.3840000000000001
2.172
0.006
1.758
1.863
0.0
2.063
1.556
0.076
2.286
1.175
0.265
2.438
0.8130000000000001
0.543
2.482
0.47800000000000004
0.871
2.407
0.215
1.232
2.262
0.064
1.614
1.984
0.0
1.9180000000000001
1.683
0.023
2.216
1.34
0.17400000000000002
2.403
0.9390000000000001
0.4
2.487
0.601
0.764
2.457
0.322
1.114
2.32
0.106
1.481
2.097
0.0
1.833
1.786
0.019
2.107
1.44
0.129
2.36
1.036
0.34700000000000003
2.457
0.686
0.632
2.507
0.4
1.0190000000000001
2.395
0.135
1.385
2.16
0.03
1.722
1.8940000000000001
0.0
2.068
1.546
0.07
2.295
1.172
0.266
2.458
0.798
0.549
2.513
0.464
0.887
2.419
0.20400000000000001
1.254
2.247
0.066
1.689
1.996
0.0
1.959
1.668
0.037
2.219
1.309
0.17400000000000002
2.39
0.9550000000000001
0.44
2.46
0.622
0.74
2.471
0.317
1.109
2.341
0.1
1.465
2.097
0.022
1.887
1.818
0.0
2.125
1.419
0.122
2.349
1.084
0.326
2.484
0.71
0.606
2.49
0.398
0.9580000000000001
2.403
0.182
1.318
2.182
0.014
1.693
1.931
0.004
2.045
1.564
0.06
2.263
1.216
0.242
2.422
0.846
0.523
2.484
0.492
0.88
2.431
0.23500000000000001
1.22
2.2680000000000002
0.064
1.598
2.019
0.0
1.936
1.689
0.02
2.226
1.306
0.193
2.416
0.9460000000000001
0.44
2.5
0.609
0.758
2.478
0.312
1.119
2.312
0.088
1.481
2.084
0.0
1.861
1.776
0.004
2.123
1.43
0.12
2.365
1.037
0.332
2.487
0.712
0.658
2.478
0.397
0.986
2.37
0.145
1.354
2.179
0.009000000000000001
1.746
1.913
0.0
2.028
1.543
0.081
2.262
1.203
0.242
2.452
0.836
0.521
2.489
0.514
0.875
2.445
0.262
1.227
2.247
0.07100000000000001
1.594
1.996
0.0
1.962
1.678
0.045
2.221
1.307
0.19
2.392
0.925
0.427
2.482
0.59
0.765
2.461
0.292
1.1380000000000001
2.307
0.07100000000000001
1.485
2.083
0.0
1.86
1.7910000000000001
0.0
2.133
1.427
0.126
2.373
1.048
0.342
2.461
0.672
0.654
2.49
0.372
1.0210000000000001
2.3810000000000002
0.145
1.397
2.168
0.018000000000000002
1.762
1.8880000000000001
0.0
2.062
1.5130000000000001
0.074
2.326
1.153
0.29
2.439
0.771
0.554
2.505
0.446
0.913
2.416
0.215
1.3980000000000001
2.236
0.051000000000000004
1.6260000000000001
1.947
0.0
2.0100000000000002
1.61
0.057
2.251
1.256
0.243
2.44
0.893
0.47000000000000003
2.501
0.537
0.8160000000000001
2.468
0.273
1.181
2.282
0.08700000000000001
1.556
2.015
0.0
1.903
1.736
0.008
2.1750000000000003
1.391
0.161
2.365
0.977
0.393
2.505
0.662
0.6910000000000001
2.466
0.365
1.054
2.371
0.14400000000000002
1.411
2.126
0.021
1.799
1.844
0.009000000000000001
2.085
1.5010000000000001
0.096
2.316
1.129
0.292
2.436
0.767
0.585
2.503
0.442
0.925
2.4210000000000003
0.217
1.309
2.224
0.027
1.657
1.946
0.0
2.959
1.616
0.069
2.263
1.2770000000000001
0.20600000000000002
2.423
0.873
0.46
2.478
0.552
0.8
2.455
0.271
1.17
2.2880000000000003
0.07200000000000001
1.5330000000000001
2.067
0.0
1.867
1.736
0.024
2.173
1.3820000000000001
0.157
2.355
1.039
0.359
2.466
0.654
0.677
2.48
0.368
1.041
2.357
0.161
1.414
2.161
0.008
1.7910000000000001
1.851
0.001
2.085
1.487
0.091
2.328
1.145
0.315
2.447
0.743
0.58
2.505
0.421
0.925
2.4010000000000002
0.189
1.309
2.206
0.03
1.6640000000000001
1.944
0.0
2.0100000000000002
1.612
0.041
2.2680000000000002
1.27
0.224
2.431
0.861
0.498
2.494
0.516
0.839
2.436
0.27
1.211
2.29
0.053
1.561
2.049
0.006
1.8920000000000001
1.71
0.029
2.183
1.362
0.156
2.3890000000000002
0.9490000000000001
0.397
2.499
0.636
0.735
2.465
0.32
1.078
2.358
0.116
1.462
2.133
0.019
1.82
1.826
0.0
2.087
1.461
0.108
2.324
1.096
0.312
2.481
0.749
0.593
2.481
0.425
0.975
2.403
0.179
1.329
2.199
0.012
1.71
1.942
0.0
2.0220000000000002
1.609
0.07
2.275
1.239
0.229
2.474
0.8210000000000001
0.521
2.508
0.512
0.837
2.439
0.228
1.222
2.2760000000000002
0.053
1.594
2.0380000000000003
0.0
1.934
1.686
0.025
2.191
1.327
0.17500000000000002
2.392
0.9400000000000001
0.40700000000000003
2.503
0.615
0.726
2.484
0.33
1.087
2.349
0.122
1.469
2.118
0.025
1.822
1.813
0.024
2.1390000000000002
1.446
0.1
2.36
1.045
0.331
2.471
0.704
0.651
2.486
0.391
0.978
2.373
0.14300000000000002
1.366
2.165
0.025
1.73
1.8920000000000001
0.0
2.055
1.5290000000000001
0.09
2.287
1.161
0.261
2.455
0.719
0.548
2.498
0.47700000000000004
0.903
2.415
0.169
1.2770000000000001
2.242
0.034
1.663
1.978
0.0
1.971
1.608
0.058
2.237
1.2690000000000001
0.233
2.411
0.864
0.577
2.492
0.523
0.801
2.439
0.28400000000000003
1.223
2.297
0.082
1.585
2.044
0.0
1.8960000000000001
1.73
0.027
2.193
1.322
0.161
2.395
0.988
0.418
2.5020000000000002
0.618
0.737
2.457
0.331
1.092
2.342
0.128
1.478
2.108
0.0
1.825
1.793
0.006
2.12
1.432
0.135
2.367
1.054
0.356
2.466
0.676
0.67
2.494
0.371
0.989
2.365
0.15
1.4040000000000001
2.158
0.008
1.75
1.86
0.006
2.071
1.5290000000000001
0.10400000000000001
2.274
1.143
0.308
2.449
0.792
0.579
2.482
0.461
0.9
2.4130000000000003
0.19
1.274
2.21
0.041
1.674
1.959
0.006
1.999
1.623
0.048
2.266
1.238
0.24
2.434
0.888
0.516
2.403
0.534
0.8260000000000001
2.432
0.23600000000000002
1.209
2.258
0.069
1.581
2.0060000000000002
0.0
1.941
1.683
0.046
2.223
1.301
0.17400000000000002
2.4170000000000003
0.9430000000000001
0.439
2.487
0.59
0.764
2.465
0.28500000000000003
1.1300000000000001
2.302
0.095
1.5010000000000001
2.071
0.0
1.865
1.7650000000000001
0.026000000000000002
2.136
1.393
0.156
2.3770000000000002
1.012
0.368
2.466
0.659
0.679
2.48
0.359
1.044
2.365
0.122
1.432
2.1390000000000002
0.0
1.78
1.846
0.01
2.1
1.492
0.113
2.339
1.122
0.302
2.461
0.753
0.581
2.486
0.41400000000000003
0.963
2.3890000000000002
0.17500000000000002
1.315
2.216
0.024
1.727
1.9020000000000001
0.0
2.021
1.569
0.09
2.2920000000000003
1.193
0.249
2.452
0.8180000000000001
0.518
2.479
0.492
0.866
2.42
0.213
1.23
2.258
0.043000000000000003
1.598
2.0
0.0
1.941
1.659
0.03
2.236
1.31
0.188
2.407
0.937
0.422
2.476
0.608
0.764
2.447
0.394
1.137
2.316
0.117
1.499
2.1
0.0
1.851
1.776
0.025
2.146
1.407
0.153
2.348
1.062
0.34400000000000003
2.489
0.683
0.664
2.465
0.387
1.022
2.376
0.148
1.4060000000000001
2.142
0.012
1.7530000000000001
1.8860000000000001
0.011
2.041
1.539
0.085
2.302
1.154
0.28400000000000003
2.449
0.754
0.578
2.507
0.458
0.897
2.4210000000000003
0.217
1.266
2.229
0.051000000000000004
1.612
2.017
0.003
1.986
1.647
0.041
2.262
1.264
0.22
2.42
0.909
0.481
2.487
0.552
0.794
2.439
0.269
1.162
2.232
0.069
1.536
2.062
0.0
1.8780000000000001
1.727
0.019
2.179
1.335
0.169
2.384
0.987
0.389
2.494
0.64
0.716
2.468
0.335
1.07
2.319
0.145
1.456
2.132
0.019
1.796
1.814
0.001
2.099
1.468
0.116
2.354
1.122
0.296
2.469
0.732
0.603
2.481
0.429
0.9480000000000001
2.388
0.199
1.319
2.197
0.041
1.684
1.928
0.006
1.995
1.591
0.051000000000000004
2.249
1.231
0.219
2.419
0.861
0.493
2.487
0.556
0.795
2.412
0.278
1.174
2.281
0.078
1.573
2.025
0.0
1.92
1.718
0.029
2.191
1.37
0.151
2.39
0.967
0.41200000000000003
2.492
0.634
0.712
2.455
0.307
1.088
2.332
0.14100000000000001
1.438
2.097
0.01
1.802
1.804
0.005
2.123
1.462
0.11900000000000001
2.326
1.098
0.317
2.471
0.724
0.635
2.479
0.398
0.985
2.357
0.17
1.362
2.173
0.041
1.73
1.901
0.0
2.05
1.551
0.064
2.294
1.207
0.256
2.449
0.8290000000000001
0.523
2.494
0.503
0.859
2.432
0.202
1.2530000000000001
2.274
0.069
1.598
2.017
0.0
1.954
1.701
0.027
2.236
1.339
0.17
2.415
0.9380000000000001
0.41500000000000004
2.494
0.5740000000000001
0.734
2.45
0.331
1.104
2.31
0.198
1.473
2.09
0.003
1.849
1.784
0.006
2.157
1.4040000000000001
0.136
2.37
1.031
0.34500000000000003
2.466
0.678
0.677
2.49
0.356
1.0010000000000001
2.378
0.156
1.407
2.132
0.014
1.7650000000000001
1.879
0.0
2.083
1.5110000000000001
0.094
2.303
1.166
0.292
2.461
0.791
0.5760000000000001
2.494
0.453
0.889
2.428
0.224
1.352
2.247
0.02
1.614
1.965
0.0
1.989
1.6280000000000001
0.038
2.255
1.25
0.203
2.428
0.901
0.481
2.503
0.54
0.785
2.453
0.28600000000000003
1.165
2.298
0.075
1.538
2.049
0.017
1.8780000000000001
1.768
0.029
2.162
1.375
0.155
2.358
1.016
0.394
2.5
0.651
0.687
2.471
0.361
1.0170000000000001
2.374
0.157
1.4040000000000001
2.149
0.029
1.784
1.849
0.018000000000000002
2.073
1.499
0.095
2.328
1.137
0.28400000000000003
2.457
0.756
0.586
2.495
0.461
0.896
2.3970000000000002
0.28700000000000003
1.306
2.236
0.033
1.657
1.968
0.0
1.999
1.612
0.066
2.267
1.245
0.244
2.411
0.873
0.47100000000000003
2.511
0.543
0.801
2.444
0.247
1.201
2.262
0.079
1.564
2.0180000000000002
0.014
1.8800000000000001
1.744
0.025
2.178
1.353
0.159
2.395
0.994
0.423
2.489
0.622
0.726
2.464
0.34800000000000003
1.1
2.365
0.14200000000000002
1.488
2.099
0.008
1.832
1.838
0.0
2.112
1.458
0.159
2.356
1.073
0.341
2.479
0.706
0.643
2.479
0.318
0.977
2.373
0.177
1.354
2.193
0.027
1.711
1.9100000000000001
0.0
2.04
1.549
0.08
2.313
1.159
0.279
2.461
0.775
0.535
2.497
0.448
0.864
2.4290000000000003
0.194
1.245
2.251
0.037
1.633
1.989
0.0
1.957
1.6640000000000001
0.032
2.244
1.303
0.212
2.433
0.913
0.45
2.482
0.555
0.8170000000000001
2.458
0.257
1.165
2.307
0.07
1.5230000000000001
2.063
0.0
1.873
1.749
0.033
2.162
1.387
0.17300000000000001
2.378
1.996
0.395
2.468
0.656
0.709
2.487
0.34500000000000003
1.067
2.363
0.134
1.415
2.148
0.029
1.7750000000000001
1.84
0.015
2.087
1.464
0.092
2.317
1.108
0.304
2.467
0.736
0.616
2.478
0.40700000000000003
0.966
2.436
0.17400000000000002
1.319
2.205
0.037
1.701
1.933
0.025
2.049
1.567
0.041
2.286
1.199
0.244
2.452
0.853
0.512
2.482
0.514
0.859
2.434
0.251
1.232
2.274
0.075
1.633
2.0260000000000002
0.004
1.94
1.678
0.034
2.196
1.299
0.192
2.394
0.931
0.424
2.478
0.581
0.77
2.466
0.301
1.122
2.336
0.112
1.504
2.102
0.012
1.851
1.764
0.0
2.134
1.391
0.147
2.361
1.042
0.373
2.457
0.672
0.665
2.468
0.386
1.998
2.371
0.156
1.417
2.136
0.014
1.7550000000000001
1.86
0.0
2.096
1.597
0.082
2.332
1.127
0.307
2.439
0.778
0.5640000000000001
2.505
0.431
0.9430000000000001
2.42
0.202
1.311
2.218
0.032
1.67
1.928
0.0
2.003
1.598
0.082
2.242
1.241
0.224
2.439
0.846
0.481
2.5100000000000002
0.562
0.839
2.424
0.264
1.197
2.287
0.048
1.58
2.013
0.0
1.93
1.697
0.024
2.213
1.343
0.181
2.408
0.9500000000000001
0.41600000000000004
2.486
0.5700000000000001
0.738
2.455
0.331
1.095
2.328
0.117
1.498
2.1
0.0
1.834
1.813
0.017
2.141
1.441
0.114
2.36
1.074
0.35100000000000003
2.459
0.7010000000000001
0.643
2.474
0.398
1.004
2.398
0.153
1.354
2.183
0.015
1.732
1.8800000000000001
0.0
2.054
1.556
0.085
2.326
1.157
0.275
2.455
0.786
0.556
2.5180000000000002
0.455
0.885
2.418
0.222
1.26
2.258
0.037
1.639
1.96
0.0
1.951
1.641
0.037
2.231
1.2610000000000001
0.217
2.423
0.901
0.46
2.508
0.554
0.789
2.465
0.273
1.155
2.299
0.083
1.5290000000000001
2.067
0.012
1.875
1.739
0.034
2.17
1.3960000000000001
0.167
2.371
1.002
0.379
2.486
0.68
0.674
2.492
0.35100000000000003
1.034
2.374
0.164
1.3960000000000001
2.134
0.025
1.778
1.847
0.0
2.074
1.488
0.114
2.338
1.111
0.269
2.471
0.755
0.559
2.5020000000000002
0.444
0.922
2.4130000000000003
0.203
1.324
2.216
0.04
1.669
1.978
0.004
1.997
1.506
0.048
2.287
1.246
0.257
2.44
0.88
0.488
2.476
0.525
0.843
2.453
0.265
1.195
2.279
0.061
1.589
2.02
0.0
1.939
1.718
0.016
2.202
1.332
0.17
2.4130000000000003
0.9580000000000001
0.399
2.474
0.619
0.747
2.46
0.323
1.108
2.352
0.117
1.488
2.115
0.0
1.841
1.709
0.002
2.1350000000000002
1.412
0.151
2.352
1.049
0.35100000000000003
2.473
0.718
0.629
2.494
0.371
1.0070000000000001
2.399
0.182
1.377
2.179
0.025
1.702
1.915
0.0
2.0420000000000003
1.562
0.061
2.281
1.179
0.27
2.439
0.8140000000000001
0.543
2.511
0.498
0.874
2.4290000000000003
0.232
1.249
2.266
0.066
1.6300000000000001
1.982
0.0
1.957
1.649
0.044
2.236
1.283
0.211
2.403
0.9450000000000001
0.462
2.524
0.59
0.759
2.486
0.317
1.124
2.328
0.097
1.489
2.087
0.0
1.844
1.768
0.006
2.15
1.3980000000000001
0.14200000000000002
2.355
1.047
0.352
2.489
0.684
0.664
2.478
0.387
1.02
2.358
0.139
1.3980000000000001
2.197
0.0
1.7550000000000001
1.868
0.0
2.055
1.541
0.095
2.299
1.178
0.279
2.438
0.801
0.534
2.407
0.487
0.869
2.439
0.224
1.249
2.233
0.041
1.614
1.996
0.006
1.959
1.6540000000000001
0.037
2.226
1.296
0.187
2.4250000000000003
0.917
0.435
2.482
0.583
0.758
2.473
0.31
1.119
2.336
0.08700000000000001
1.488
2.088
0.0
1.838
1.805
0.017
2.14
1.444
0.132
2.37
1.061
0.361
2.46
0.717
0.621
2.476
0.368
1.975
2.365
0.171
1.344
2.166
0.023
1.712
1.907
0.007
2.052
1.5330000000000001
0.064
2.283
1.17
0.276
2.423
0.796
0.531
2.476
0.465
0.895
2.436
0.195
1.248
2.258
0.067
1.6300000000000001
2.0020000000000002
0.0
1.931
1.6600000000000001
0.052000000000000005
2.236
1.314
0.187
2.384
0.913
0.437
2.489
0.605
0.743
2.454
0.294
1.141
2.316
0.079
1.474
2.083
0.01
1.843
1.78
0.016
2.162
1.422
0.136
2.355
1.029
0.336
2.48
0.6980000000000001
0.651
2.492
0.388
0.984
2.3890000000000002
0.121
1.3860000000000001
2.1750000000000003
0.024
1.725
1.907
0.0
2.068
1.5350000000000001
0.08600000000000001
2.312
1.149
0.258
2.441
0.787
0.56
2.487
0.47200000000000003
0.919
2.431
0.193
1.299
2.241
0.07
1.623
1.968
0.0
1.971
1.627
0.029
2.255
1.2530000000000001
0.20700000000000002
2.414
0.877
0.484
2.49
0.532
0.811
2.471
0.278
1.154
2.309
0.091
1.54
2.063
0.0
1.8880000000000001
1.707
0.041
2.1710000000000003
1.344
0.157
2.402
0.979
0.404
2.497
0.635
0.729
2.458
0.339
1.081
2.334
0.003
1.447
2.104
0.007
1.8
1.78
0.0
2.129
1.454
0.111
2.345
1.033
0.327
2.461
0.6890000000000001
0.663
2.49
0.406
0.98
2.371
0.157
1.363
2.18
0.028
1.7550000000000001
1.866
0.01
2.078
1.53
0.077
2.31
1.1520000000000001
0.28400000000000003
2.452
0.774
0.654
2.5
0.448
0.914
2.42
0.193
1.322
2.226
0.045
1.685
1.928
0.004
2.02
1.61
0.066
2.274
1.254
0.215
2.442
0.838
0.495
2.486
0.505
0.8190000000000001
2.435
0.248
1.227
2.273
0.062
1.585
2.0020000000000002
0.0
1.925
1.678
0.037
2.195
1.333
0.167
2.382
0.924
0.439
2.503
0.613
0.749
2.465
0.296
1.125
2.336
0.077
1.478
2.074
0.015
1.857
1.7850000000000001
0.0
2.1390000000000002
1.407
0.128
2.361
1.018
0.365
2.478
0.659
0.663
2.494
0.362
1.035
2.361
0.127
1.4060000000000001
2.168
0.053
1.768
1.8840000000000001
0.0
2.086
1.512
0.082
2.313
1.139
0.314
2.476
0.759
0.5710000000000001
2.494
0.435
0.929
2.423
0.198
1.325
2.216
0.045
1.679
1.954
0.0
1.984
1.602
0.045
2.262
1.227
0.20800000000000002
2.434
0.852
0.493
2.474
0.518
0.845
2.451
0.264
1.188
2.263
0.077
1.589
2.021
0.0
1.8940000000000001
1.72
0.021
2.189
1.324
0.188
2.386
0.977
0.406
2.478
0.596
0.737
2.453
0.337
1.092
2.328
0.107
1.484
2.115
0.0
1.826
1.804
0.0
2.132
1.432
0.124
2.36
1.055
0.329
2.468
0.7010000000000001
0.643
2.493
0.391
1.0010000000000001
2.39
0.15
1.362
2.184
0.031
1.726
1.875
0.0
2.067
1.5010000000000001
0.10300000000000001
2.32
1.159
0.281
2.455
0.767
0.559
2.496
0.441
0.88
2.3970000000000002
0.203
1.2730000000000001
2.245
0.045
1.6560000000000001
1.955
0.002
1.992
1.6340000000000001
0.057
2.247
1.235
0.233
2.415
0.872
0.47500000000000003
2.474
0.514
0.787