
1.242
2.2640000000000002
2.458
1.6300000000000001
0.517
0.012
0.517
1.617
2.407
2.2640000000000002
1.2550000000000001
0.232
0.025
0.841
1.954
2.484
1.992
0.905
0.038
0.194
1.216
2.212
2.432
1.6560000000000001
0.53
0.012
0.468
1.591
2.42
2.29
1.281
0.232
0.051000000000000004
0.8150000000000001
1.928
2.497
1.0050000000000001
0.992
0.077
0.181
1.19
2.238
2.471
1.695
0.53
0.0
0.47800000000000004
1.578
2.407
2.277
1.281
0.258
0.012
0.802
1.941
2.497
2.031
0.8310000000000001
0.064
0.20700000000000002
1.164
2.187
2.432
1.682
0.5690000000000001
0.0
0.41400000000000003
1.54
2.407
2.31
1.319
0.245
0.025
0.776
1.9020000000000001
2.497
2.031
0.931
0.051000000000000004
0.194
1.151
2.212
2.471
1.721
0.5690000000000001
0.0
0.427
1.54
2.394
2.303
1.358
0.271
0.025
0.75
1.8760000000000001
2.491
2.057
0.9440000000000001
0.09
0.181
1.125
2.187
2.432
1.721
0.5690000000000001
0.0
0.427
1.5270000000000001
2.3810000000000002
2.316
1.397
0.31
0.038
0.75
1.889
2.497
2.057
0.996
0.09
0.129
1.125
2.174
2.458
1.7590000000000001
0.621
0.0
0.418
1.488
2.368
2.316
1.3840000000000001
0.323
0.012
0.737
1.837
2.497
2.122
1.0090000000000001
0.129
0.14200000000000002
1.112
2.174
2.471
1.7590000000000001
0.621
0.012
0.362
1.488
2.368
2.355
1.3840000000000001
0.323
0.025
0.711
1.85
2.471
2.096
1.022
0.09
0.155
1.1
2.1350000000000002
2.484
1.798
0.659
0.0
0.388
1.449
2.3810000000000002
2.342
1.397
0.34900000000000003
0.012
0.711
1.837
2.497
2.109
1.035
0.129
0.129
1.035
2.148
2.458
1.798
0.672
0.0
0.362
1.436
2.355
2.342
1.436
0.34900000000000003
0.0
0.682
1.824
2.471
2.122
1.061
0.129
0.10300000000000001
1.074
2.1350000000000002
2.471
1.824
0.659
0.0
0.362
1.449
2.355
2.3810000000000002
1.462
0.336
0.012
0.685
1.811
2.471
2.109
1.048
0.129
0.116
1.0090000000000001
2.109
2.484
1.85
0.685
0.0
0.336
1.436
2.355
2.3810000000000002
1.475
0.362
0.012
0.634
1.798
2.484
2.161
1.087
0.14200000000000002
0.10300000000000001
1.0090000000000001
2.099
2.484
1.863
0.6980000000000001
0.025
0.323
1.41
2.355
2.394
1.488
0.388
0.012
0.634
1.772
2.471
2.148
1.087
0.14200000000000002
0.09
0.983
2.096
2.497
1.863
0.724
0.0
0.323
1.358
2.329
2.394
1.514
0.439
0.0
0.582
1.747
2.445
2.174
1.1
0.155
0.10300000000000001
0.9570000000000001
2.07
2.497
1.928
0.737
0.012
0.323
1.358
2.303
2.394
1.5270000000000001
0.41400000000000003
0.0
0.608
1.7590000000000001
2.471
2.212
1.125
0.168
0.064
0.9570000000000001
2.07
2.497
1.8760000000000001
0.737
0.025
0.28400000000000003
1.345
2.29
2.394
1.54
0.439
0.0
0.582
1.708
2.471
2.2
1.1380000000000001
0.129
0.064
0.9440000000000001
2.031
2.484
1.802
0.763
0.012
0.258
1.319
2.3000000000000003
2.42
1.578
0.465
0.0
0.5690000000000001
1.695
2.445
2.2
1.19
0.194
0.064
0.918
2.041
2.484
1.928
0.776
0.025
0.258
1.307
2.277
2.407
1.565
0.452
0.0
0.556
1.6560000000000001
2.458
2.212
1.19
0.164
0.074
0.892
2.0180000000000002
2.497
1.928
0.8150000000000001
0.012
0.258
1.281
2.29
2.42
1.604
0.465
0.0
0.504
1.6560000000000001
2.458
2.225
1.216
0.194
0.025
0.867
1.992
2.497
1.954
0.841
0.025
0.232
1.2550000000000001
2.251
2.42
1.617
0.47800000000000004
0.0
0.504
1.6300000000000001
2.42
2.2640000000000002
1.229
0.219
0.025
0.967
1.967
2.471
1.98
0.867
0.038
0.219
1.216
2.277
2.445
1.6560000000000001
0.53
0.0
0.491
1.6300000000000001
2.445
2.277
1.2550000000000001
0.245
0.051000000000000004
0.841
1.967
2.497
2.005
0.905
0.064
0.219
1.216
2.251
2.42
1.6560000000000001
0.53
0.0
0.452
1.591
2.494
2.29
1.281
0.258
0.025
0.8150000000000001
1.941
2.484
2.031
0.895
0.077
0.181
1.203
2.2
2.471
1.695
0.53
0.0
0.452
1.578
2.407
2.303
1.332
0.271
0.025
0.8150000000000001
1.9020000000000001
2.484
2.031
0.905
0.077
0.194
1.164
2.212
2.445
1.698
0.582
0.0
0.427
1.552
2.42
2.316
1.332
0.258
0.012
0.789
1.915
2.484
2.031
0.918
0.077
0.168
1.164
2.212
2.471
1.734
0.5690000000000001
0.012
0.439
1.54
2.394
2.303
1.332
0.28400000000000003
0.025
0.776
1.889
2.5100000000000002
2.057
0.9440000000000001
0.09
0.155
1.1380000000000001
2.212
2.484
1.734
0.595
0.0
0.427
1.5270000000000001
2.42
2.303
1.332
0.323
0.0
0.724
1.8760000000000001
2.497
2.07
0.9570000000000001
0.064
0.168
1.125
2.161
2.458
1.7590000000000001
0.543
0.0
0.401
1.5010000000000001
2.407
2.316
1.371
0.297
0.012
0.737
1.8760000000000001
2.497
2.057
0.909
0.09
0.14200000000000002
1.112
2.161
2.458
1.747
0.595
0.0
0.401
1.449
2.394
2.342
1.371
0.31
0.012
0.711
1.837
2.484
2.109
0.983
0.09
0.155
1.1
2.161
2.484
1.7590000000000001
0.621
0.012
0.375
1.449
2.355
2.342
1.3840000000000001
0.323
0.0
0.724
1.85
2.497
2.083
1.022
0.10300000000000001
0.14200000000000002
1.048
2.122
2.484
1.772
0.634
0.012
0.375
1.475
2.355
2.342
1.436
0.336
0.012
0.6980000000000001
1.798
2.484
2.122
1.061
0.10300000000000001
0.129
1.035
2.109
2.471
1.824
0.647
0.012
0.336
1.436
2.368
2.368
1.462
0.362
0.012
0.659
1.798
2.471
2.1350000000000002
1.061
0.14200000000000002
0.129
0.996
2.109
2.497
1.85
0.711
0.0
0.336
1.3840000000000001
2.342
2.394
1.462
0.388
0.0
0.608
1.7850000000000001
2.484
2.161
1.1
0.129
0.10300000000000001
1.0090000000000001
2.057
2.471
1.863
0.6980000000000001
0.0
0.28400000000000003
1.358
2.316
2.368
1.514
0.401
0.012
0.621
1.734
2.458
2.174
1.125
0.14100000000000001
0.077
0.9440000000000001
2.057
2.471
1.802
0.737
0.012
0.297
1.332
2.29
2.3810000000000002
1.5270000000000001
0.452
0.0
0.5690000000000001
1.721
2.445
2.225
1.151
0.194
0.077
0.931
2.031
2.484
1.928
0.802
0.038
0.28400000000000003
1.294
2.316
2.432
1.578
0.452
0.0
0.543
1.682
2.445
2.212
1.203
0.194
0.077
0.918
2.0180000000000002
2.497
1.928
0.802
0.051000000000000004
0.258
1.294
2.277
2.42
1.591
0.465
0.0
0.53
1.669
2.432
2.225
1.19
0.219
0.051000000000000004
0.879
1.992
2.471
1.98
0.841
0.025
0.232
1.268
2.277
2.42
1.591
0.452
0.0
0.517
1.643
2.42
2.212
1.216
0.219
0.038
0.854
1.98
2.5100000000000002
1.992
0.8280000000000001
0.038
0.245
1.2550000000000001
2.277
2.445
1.604
0.491
0.0
0.517
1.669
2.432
2.2640000000000002
1.229
0.219
0.025
0.867
1.98
2.497
1.967
0.854
0.038
0.232
1.242
2.2640000000000002
2.445
1.6300000000000001
0.517
0.0
0.47800000000000004
1.604
2.432
2.277
1.268
0.219
0.038
0.867
1.967
2.497
1.98
0.854
0.064
0.219
1.229
2.251
2.445
1.6560000000000001
0.517
0.0
0.465
1.578
2.432
2.29
1.294
0.258
0.012
0.8280000000000001
1.954
2.484
2.005
0.905
0.064
0.20700000000000002
1.203
2.212
2.471
1.6560000000000001
0.53
0.0
0.452
1.578
2.432
2.277
1.294
0.271
0.0
0.8150000000000001
1.915
2.484
2.0180000000000002
0.892
0.077
0.181
1.177
2.2
2.445
1.721
0.543
0.0
0.452
1.565
2.407
2.303
1.332
0.28400000000000003
0.025
0.8150000000000001
1.9020000000000001
2.484
2.044
0.918
0.077
0.181
1.1380000000000001
2.212
2.445
1.734
0.582
0.0
0.427
1.514
2.3810000000000002
2.316
1.345
0.297
0.012
0.75
1.889
2.571
2.07
0.9570000000000001
0.077
0.168
1.1380000000000001
2.1470000000000002
2.458
1.747
0.608
0.0
0.427
1.488
2.407
2.342
1.3840000000000001
0.31
0.025
0.717
1.85
2.484
2.009
0.996
0.09
0.129
1.112
2.174
2.445
1.747
0.621
0.012
0.401
1.485
2.368
2.342
1.3840000000000001
0.323
0.012
0.6980000000000001
1.824
2.471
2.096
0.999
0.10300000000000001
0.116
1.087
2.161
2.471
1.811
0.647
0.012
0.362
1.449
2.355
2.368
1.436
0.342
0.025
0.659
1.824
2.487
2.109
1.048
0.129
0.14200000000000002
1.061
2.122
2.497
1.811
0.672
0.0
0.336
1.436
2.355
2.394
1.449
0.375
0.0
0.647
1.798
2.484
2.161
1.0
0.14200000000000002
0.10300000000000001
0.996
2.122
2.471
1.863
0.6880000000000001
0.0
0.31
1.3840000000000001
2.355
2.3810000000000002
1.488
0.375
0.0
0.608
1.747
2.458
2.187
1.125
0.129
0.10300000000000001
0.983
2.096
2.484
1.8760000000000001
0.737
0.012
0.31
1.372
2.329
2.407
1.488
0.439
0.0
0.582
1.721
2.488
2.2
1.125
0.188
0.09
0.97
2.044
2.497
1.889
0.75
0.012
0.31
1.332
2.316
2.407
1.54
0.401
0.0
0.5690000000000001
1.695
2.445
2.212
1.151
0.168
0.077
0.918
2.044
2.5100000000000002
1.915
0.776
0.012
0.258
1.337
2.29
2.432
1.578
0.439
0.0
0.556
1.682
2.471
2.225
1.177
0.187
0.051000000000000004
0.918
2.0180000000000002
2.497
1.967
0.8150000000000001
0.051000000000000004
0.258
1.281
2.277
2.407
1.591
0.452
0.0
0.543
1.6560000000000001
2.432
2.212
1.229
0.219
0.051000000000000004
0.854
1.98
2.497
1.98
0.841
0.017
0.232
1.227
2.2640000000000002
2.42
1.617
0.47800000000000004
0.0
0.504
1.643
2.432
2.2640000000000002
1.2550000000000001
0.219
0.038
0.8280000000000001
1.994
2.597
1.98
0.892
0.064
0.219
1.242
2.251
2.445
1.669
0.517
0.0
0.491
1.691
2.42
2.277
1.294
0.258
0.025
0.8280000000000001
1.954
2.49
1.995
0.892
0.051000000000000004
0.181
1.29
2.212
2.445
1.682
0.53
0.0
0.47800000000000004
1.565
2.432
2.29
1.332
0.241
0.051000000000000004
0.789
1.915
2.497
2.031
0.931
0.077
0.201
1.164
2.2
2.445
1.734
0.543
0.0
0.439
1.54
2.445
2.29
1.294
0.257
0.038
0.776
1.9020000000000001
2.484
2.07
0.9440000000000001
0.09
0.168
1.151
2.2
2.484
1.734
0.582
0.012
0.427
1.514
2.368
2.316
1.345
0.28400000000000003
0.012
0.737
1.85
2.497
2.057
0.983
0.116
0.155
1.112
2.161
2.451
1.7590000000000001
0.634
0.0
0.388
1.5010000000000001
2.368
2.329
1.371
0.297
0.0
0.711
1.863
2.484
2.109
0.996
0.10300000000000001
0.129
1.061
2.174
2.471
1.772
0.647
0.0
0.375
1.462
2.3810000000000002
2.342
1.41
0.323
0.025
0.711
1.837
2.497
2.009
0.996
0.116
0.129
1.087
2.1350000000000002
2.484
1.7850000000000001
0.634
0.012
0.375
1.436
2.355
2.329
1.462
0.34900000000000003
0.0
0.685
1.824
2.5100000000000002
2.122
1.035
0.129
0.129
1.048
2.109
2.458
1.811
0.672
0.012
0.323
1.423
2.355
2.3810000000000002
1.475
0.362
0.0
0.659
1.7850000000000001
2.484
2.148
1.061
0.129
0.10300000000000001
1.035
2.096
2.471
1.85
0.6880000000000001
0.012
0.336
1.397
2.355
2.394
1.514
0.388
0.0
0.634
1.7850000000000001
2.484
2.148
1.112
0.155
0.09
1.0090000000000001
2.083
2.497
1.889
0.724
0.012
0.31
1.3840000000000001
2.303
2.3810000000000002
1.475
0.388
0.0
0.595
1.747
2.484
2.161
1.1
0.155
0.09
0.97
2.07
2.484
1.8760000000000001
0.75
0.025
0.297
1.345
2.303
2.407
1.54
0.401
0.012
0.595
1.682
2.458
2.2
1.1380000000000001
0.168
0.064
0.9440000000000001
2.031
2.494
1.915
0.776
0.025
0.251
1.307
2.316
2.407
1.565
0.452
0.012
0.582
1.682
2.445
2.225
1.164
0.194
0.077
0.911
2.031
2.497
1.928
0.776
0.025
0.232
1.307
2.277
2.407
1.54
0.465
0.0
0.556
1.682
2.458
2.212
1.203
0.181
0.077
0.918
1.992
2.484
1.928
0.802
0.012
0.258
1.3940000000000001
2.2640000000000002
2.42
1.604
0.47800000000000004
0.0
0.53
1.6560000000000001
2.432
2.212
1.216
0.194
0.064
0.918
2.012
2.484
1.941
0.841
0.025
0.232
1.268
2.29
2.42
1.617
0.47800000000000004
0.0
0.517
1.6560000000000001
2.432
2.238
1.203
0.219
0.025
0.879
2.005
2.497
1.992
0.854
0.051000000000000004
0.219
1.281
2.2640000000000002
2.432
1.6300000000000001
0.491
0.0
0.517
1.6300000000000001
2.432
2.212
1.216
0.219
0.051000000000000004
0.867
1.992
2.484
1.98
0.854
0.038
0.194
1.242
2.2640000000000002
2.432
1.643
0.491
0.0
0.491
1.614
2.42
2.2640000000000002
1.268
0.232
0.064
0.841
1.967
2.497
2.005
0.867
0.064
0.232
1.216
2.251
2.42
1.643
0.53
0.0
0.504
1.604
2.407
2.277
1.281
0.258
0.038
0.8150000000000001
1.954
2.497
2.005
0.867
0.051000000000000004
0.219
1.203
2.238
2.445
1.6560000000000001
0.53
0.0
0.491
1.578
2.432
2.251
1.3940000000000001
0.232
0.025
0.8280000000000001
1.941
2.484
2.005
0.879
0.064
0.219
1.203
2.225
2.432
1.682
0.517
0.0
0.465
1.578
2.432
2.29
1.281
0.258
0.025
0.8280000000000001
1.954
2.484
2.005
0.905
0.077
0.20700000000000002
1.29
2.225
2.448
1.669
0.543
0.0
0.465
1.591
2.407
2.2640000000000002
1.307
0.232
0.038
0.789
1.958
2.497
2.031
0.931
0.064
0.155
1.164
2.212
2.471
1.695
0.556
0.0
0.427
1.565
2.407
2.29
1.307
0.258
0.025
0.802
1.9020000000000001
2.497
2.044
0.905
0.077
0.168
1.1380000000000001
2.212
2.471
1.695
0.582
0.0
0.427
1.552
2.42
2.29
1.307
0.271
0.025
0.789
1.8760000000000001
2.497
2.057
0.9570000000000001
0.064
0.188
1.151
2.2
2.471
1.708
0.595
0.0
0.427
1.514
2.394
2.316
1.345
0.28700000000000003
0.025
0.75
1.9020000000000001
2.471
2.044
0.9570000000000001
0.09
0.155
1.125
2.187
2.484
1.721
0.595
0.0
0.41400000000000003
1.5270000000000001
2.3810000000000002
2.329
1.3840000000000001
0.323
0.025
0.724
1.8760000000000001
2.484
2.083
0.97
0.064
0.168
1.112
2.187
2.458
1.7590000000000001
0.608
0.012
0.41400000000000003
1.475
2.3810000000000002
2.303
1.397
0.31
0.012
0.711
1.85
2.494
2.096
0.996
0.10300000000000001
0.155
1.1
2.174
2.484
1.7850000000000001
0.621
0.0
0.401
1.462
2.368
2.355
1.371
0.336
0.025
0.711
1.837
2.471
2.109
0.983
0.129
0.129
1.087
2.161
2.458
1.772
0.659
0.0
0.388
1.488
2.3810000000000002
2.342
1.397
0.34900000000000003
0.0
0.711
1.837
2.484
2.122
1.035
0.116
0.155
1.061
2.148
2.497
1.811
0.659
0.025
0.362
1.462
2.342
2.355
1.449
0.34900000000000003
0.0
0.672
1.798
2.458
2.122
1.022
0.116
0.129
1.035
2.148
2.458
1.824
0.672
0.0
0.375
1.423
2.368
2.368
1.462
0.375
0.0
0.6980000000000001
1.798
2.484
2.122
1.035
0.116
0.10300000000000001
1.048
2.109
2.497
1.824
0.672
0.012
0.31
1.423
2.355
2.3810000000000002
1.462
0.375
0.0
0.659
1.772
2.484
2.1350000000000002
1.061
0.14200000000000002
0.10300000000000001
1.048
2.096
2.458
1.85
0.711
0.012
0.31
1.397
2.355
2.368
1.449
0.362
0.0
0.621
1.7590000000000001
2.471
2.174
1.112
0.155
0.09
1.0090000000000001
2.109
2.471
1.863
0.724
0.025
0.31
1.397
2.342
2.394
1.5010000000000001
0.401
0.0
0.608
1.747
2.471
2.148
1.1
0.116
0.10300000000000001
0.983
2.083
2.484
1.863
0.724
0.012
0.323
1.332
2.329
2.394
1.488
0.404
0.012
0.595
1.734
2.458
2.174
1.125
0.155
0.09
0.97
2.07
2.484
1.889
0.737
0.025
0.323
1.358
2.316
2.3810000000000002
1.5010000000000001
0.401
0.012
0.595
1.734
2.471
2.174
1.1380000000000001
0.151
0.077
0.9570000000000001
2.044
2.484
1.8760000000000001
0.763
0.0
0.28400000000000003
1.345
2.329
2.394
1.54
0.439
0.012
0.5690000000000001
1.732
2.445
2.187
1.125
0.14200000000000002
0.09
0.931
2.057
2.5100000000000002
1.889
0.737
0.025
0.297
1.332
2.303
2.42
1.5250000000000001
0.427
0.0
0.595
1.695
2.475
2.212
1.177
0.181
0.051000000000000004
0.983
2.031
2.497
1.928
0.776
0.012
0.271
1.345
2.29
2.42
1.565
0.439
0.012
0.582
1.682
2.445
2.212
1.177
0.20700000000000002
0.077
0.931
2.044
2.497
1.941
0.776
0.012
0.258
1.268
2.277
2.407
1.578
0.465
0.0
0.556
1.695
2.445
2.2
1.19
0.194
0.064
0.892
2.0180000000000002
2.5100000000000002
1.954
0.841
0.051000000000000004
0.271
1.268
2.29
2.42
1.591
0.465
0.0
0.556
1.669
2.445
2.251
1.216
0.219
0.038
0.892
1.992
2.484
1.941
0.841
0.051000000000000004
0.245
1.2550000000000001
2.29
2.447
1.617
0.465
0.0
0.53
1.669
2.432
2.238
1.203
0.20700000000000002
0.025
0.892
2.005
2.523
1.954
0.8280000000000001
0.038
0.232
1.2550000000000001
2.277
2.407
1.591
0.504
0.0
0.517
1.643
2.445
2.238
1.242
0.20700000000000002
0.038
0.854
1.992
2.497
1.98
0.867
0.051000000000000004
0.232
1.242
2.251
2.445
1.6300000000000001
0.517
0.0
0.47800000000000004
1.6300000000000001
2.458
2.251
1.216
0.245
0.051000000000000004
0.8280000000000001
1.954
2.484
1.905
0.892
0.064
0.219
1.229
2.238
2.445
1.6560000000000001
0.517
0.0
0.491
1.617
2.42
2.29
1.268
0.232
0.025
0.841
1.967
2.471
1.992
0.905
0.077
0.20700000000000002
1.229
2.212
2.432
1.695
0.53
0.0
0.465
1.578
2.432
2.277
1.207
0.231
0.025
0.8150000000000001
1.941
2.5100000000000002
2.031
0.905
0.077
0.20700000000000002
1.164
2.238
2.445
1.708
0.556
0.0
0.427
1.565
2.407
2.303
1.332
0.251
0.012
0.776
1.9020000000000001
2.497
2.031
0.892
0.051000000000000004
0.181
1.164
2.212
2.458
1.721
0.543
0.0
0.427
1.565
2.394
2.303
1.307
0.271
0.012
0.776
1.889
2.497
2.083
0.931
0.09
0.181
1.125
2.2
2.445
1.721
0.5690000000000001
0.0
0.41400000000000003
1.514
2.394
2.316
1.3840000000000001
0.31
0.012
0.737
1.8760000000000001
2.484
2.057
0.9570000000000001
0.09
0.155
1.112
2.2
2.471
1.734
0.608
0.0
0.41400000000000003
1.5270000000000001
2.3810000000000002
2.342
1.3840000000000001
0.297
0.0
0.724
1.863
2.471
2.07
0.97
0.09
0.14200000000000002
1.122
2.2
2.445
1.7590000000000001
0.608
0.0
0.388
1.5010000000000001
2.368
2.342
1.371
0.336
0.012
0.737
1.863
2.484
2.07
0.996
0.077
0.155
1.087
2.187
2.445
1.7590000000000001
0.634
0.0
0.388
1.488
2.368
2.329
1.397
0.336
0.025
0.711
1.85
2.471
2.096
0.996
0.09
0.129
1.061
2.161
2.471
1.7850000000000001
0.634
0.0
0.375
1.462
2.355
2.342
1.449
0.34900000000000003
0.0
0.711
1.837
2.471
2.196
1.035
0.10300000000000001
0.14200000000000002
1.061
2.109
2.458
1.7850000000000001
0.659
0.025
0.362
1.436
2.3810000000000002
2.368
1.462
0.34900000000000003
0.012
0.647
1.798
2.497
2.122
1.048
0.129
0.129
1.022
2.109
2.471
1.85
0.659
0.0
0.34900000000000003
1.423
2.368
2.3810000000000002
1.475
0.362
0.0
0.634
1.798
2.458
2.148
1.074
0.129
0.09
1.0090000000000001
2.109
2.497
1.85
0.711
0.025
0.323
1.3840000000000001
2.342
2.368
1.475
0.362
0.0
0.608
1.772
2.458
2.148
1.1
0.155
0.09
0.996
2.109
2.484
1.889
0.724
0.012
0.31
1.3840000000000001
2.316
2.407
1.5010000000000001
0.388
0.0
0.621
1.747
2.458
2.161
1.125
0.168
0.064
0.9570000000000001
2.07
2.497
1.8760000000000001
0.75
0.051000000000000004
0.297
1.3840000000000001
2.329
2.3810000000000002
1.5270000000000001
0.41400000000000003
0.0
0.608
1.747
2.445
2.174
1.125
0.14200000000000002
0.09
0.9570000000000001
2.07
2.484
1.889
0.776
0.025
0.314
1.332
2.29
2.394
1.54
0.427
0.0
0.582
1.708
2.445
2.174
1.125
0.155
0.064
0.931
2.044
2.5100000000000002
1.915
0.776
0.025
0.28400000000000003
1.332
2.316
2.407
1.552
0.439
0.0
0.5690000000000001
1.695
2.458
2.212
1.164
0.194
0.064
0.918
2.057
2.497
1.928
0.75
0.051000000000000004
0.28400000000000003
1.294
2.29
2.42
1.552
0.47800000000000004
0.0
0.53
1.669
2.458
2.2
1.1380000000000001
0.219
0.077
0.918
2.031
2.484
1.915
0.8150000000000001
0.025
0.245
1.307
2.29
2.432
1.504
0.452
0.0
0.556
1.682
2.458
2.225
1.203
0.11900000000000001
0.051000000000000004
0.879
2.005
2.497
1.967
0.8280000000000001
0.038
0.232
1.268
2.2640000000000002
2.407
1.591
0.465
0.0
0.517
1.6560000000000001
2.445
2.251
1.203
0.219
0.051000000000000004
0.867
1.967
2.497
1.987
0.841
0.038
0.219
1.2550000000000001
2.251
2.42
1.643
0.53
0.0
0.517
1.6300000000000001
2.445
2.251
1.229
0.232
0.025
0.867
1.967
2.484
1.992
0.841
0.051000000000000004
0.219
1.222
2.238
2.42
1.669
0.543
0.0
0.491
1.617
2.432
2.277
1.281
0.232
0.051000000000000004
0.8280000000000001
1.954
2.484
1.992
0.892
0.051000000000000004
0.20700000000000002
1.203
2.225
2.445
1.669
0.543
0.0
0.47800000000000004
1.574
2.432
2.277
1.281
0.245
0.051000000000000004
0.8150000000000001
1.954
2.497
2.031
0.905
0.064
0.194
1.216
2.212
2.445
1.695
0.53
0.0
0.47800000000000004
1.591
2.42
2.29
1.294
0.258
0.025
0.802
1.928
2.497
2.0180000000000002
0.892
0.09
0.181
1.19
2.2
2.471
1.608
0.543
0.0
0.452
1.552
2.407
2.303
1.307
0.258
0.012
0.802
1.9020000000000001
2.497
2.057
0.931
0.077
0.194
1.125
2.212
2.445
1.721
0.556
0.0
0.41400000000000003
1.54
2.3810000000000002
2.303
1.345
0.297
0.0
0.776
1.915
2.484
2.083
0.97
0.09
0.168
1.125
2.174
2.458
1.734
0.621
0.0
0.401
1.5010000000000001
2.407
2.329
1.371
0.323
0.025
0.711
1.85
2.471
2.07
0.983
0.10300000000000001
0.181
1.112
2.174
2.484
1.772
0.608
0.0
0.41400000000000003
1.5010000000000001
2.3810000000000002
2.342
1.397
0.323
0.0
0.724
1.85
2.497
2.096
0.983
0.116
0.155
1.1
2.161
2.471
1.7590000000000001
0.621
0.012
0.375
1.488
2.3810000000000002
2.355
1.3840000000000001
0.323
0.012
0.711
1.863
2.497
2.122
1.0090000000000001
0.10300000000000001
0.129
1.074
2.161
2.484
1.772
0.621
0.0
0.375
1.449
2.368
2.329
1.436
0.323
0.0
0.712
1.837
2.497
2.122
1.035
0.116
0.14200000000000002
1.061
2.148
2.497
1.798
0.647
0.012
0.362
1.449
2.368
2.316
1.449
0.323
0.0
0.672
1.837
2.497
2.1350000000000002
1.035
0.129
0.129
1.035
2.122
2.471
1.837
0.659
0.025
0.375
1.436
2.342
2.342
1.475
0.362
0.0
0.659
1.7850000000000001
2.484
2.1350000000000002
1.048
0.129
0.077
1.035
2.109
2.497
1.863
0.6980000000000001
0.025
0.34900000000000003
1.397
2.355
2.368
1.401
0.375
0.0
0.608
1.772
2.458
2.174
1.112
0.129
0.09
0.983
2.096
2.471
1.863
0.724
0.0
0.297
1.371
2.342
2.368
1.5010000000000001
0.401
0.0
0.621
1.7590000000000001
2.445
2.174
1.125
0.155
0.09
0.9570000000000001
2.044
2.484
1.889
0.763
0.012
0.28400000000000003
1.345
2.329
2.407
1.54
0.41400000000000003
0.0
0.595
1.708
2.432
2.187
1.125
0.181
0.064
0.931
2.044
2.523
1.9020000000000001
0.789
0.038
0.28400000000000003
1.307
2.316
2.407
1.565
0.427
0.0
0.556
1.669
2.445
2.2
1.177
0.194
0.077
0.918
2.0180000000000002
2.5100000000000002
1.915
0.802
0.051000000000000004
0.219
1.268
2.303
2.407
1.591
0.465
0.0
0.53
1.669
2.432
2.238
1.203
0.194
0.064
0.892
2.005
2.497
1.954
0.812
0.051000000000000004
0.258
1.281
2.277
2.432
1.591
0.491
0.0
0.504
1.643
2.42
2.225
1.203
0.194
0.038
0.879
2.005
2.484
1.954
0.854
0.025
0.232
1.268
2.251
2.432
1.617
0.517
0.0
0.491
1.643
2.432
2.2640000000000002
1.216
0.219
0.051000000000000004
0.8280000000000001
2.005
2.484
1.967
0.867
0.038
0.232
1.242
2.238
2.432
1.6560000000000001
0.517
0.0
0.504
1.604
2.402
2.251
1.2550000000000001
0.245
0.051000000000000004
0.854
1.954
2.484
1.992
0.892
0.064
0.219
1.216
2.225
2.432
1.6560000000000001
0.504
0.0
0.504
1.578
2.407
2.277
1.281
0.245
0.038
0.8150000000000001
1.941
2.497
2.0180000000000002
0.892
0.038
0.181
1.216
2.212
2.432
1.669
0.517
0.0
0.465
1.604
2.432
2.29
1.307
0.245
0.012
0.8150000000000001
1.941
2.497
2.0180000000000002
0.892
0.064
0.194
1.173
2.225
2.432
1.669
0.53
0.0
0.465
1.565
2.394
2.29
1.294
0.271
0.025
0.802
1.928
2.471
2.031
0.905
0.064
0.194
1.151
2.2
2.458
1.708
0.543
0.0
0.439
1.552
2.407
2.303
1.294
0.28400000000000003
0.025
0.776
1.889
2.471
2.031
0.918
0.09
0.181
1.1380000000000001
2.225
2.458
1.708
0.543
0.025
0.427
1.552
2.407
2.303
1.302
0.28400000000000003
0.012
0.789
1.889
2.484
2.031
0.9440000000000001
0.09
0.155
1.164
2.148
2.445
1.734
0.5690000000000001
0.0
0.41400000000000003
1.557
2.407
2.303
1.345
0.297
0.012
0.776
1.9020000000000001
2.471
2.031
0.9440000000000001
0.09
0.168
1.112
2.217
2.458
1.747
0.608
0.0
0.41400000000000003
1.5270000000000001
2.3810000000000002
2.303
1.358
0.28400000000000003
0.0
0.737
1.8760000000000001
2.471
2.07
0.97
0.077
0.181
1.1
2.174
2.471
1.747
0.621
0.0
0.41400000000000003
1.488
2.394
2.355
1.371
0.31
0.012
0.724
1.8760000000000001
2.497
2.057
0.989
0.10300000000000001
0.14200000000000002
1.087
2.161
2.471
1.747
0.621
0.0
0.401
1.488
2.368
2.342
1.3840000000000001
0.336
0.025
0.737
1.863
2.497
2.083
0.996
0.09
0.155
1.1
2.187
2.484
1.7850000000000001
0.647
0.0
0.375
1.488
2.394
2.368
1.423
0.34900000000000003
0.012
0.6980000000000001
1.85
2.497
2.109
1.0090000000000001
0.10300000000000001
0.129
1.061
2.1350000000000002
2.484
1.798
0.659
0.038
0.362
1.449
2.3810000000000002
2.368
1.41
0.34900000000000003
0.012
0.672
1.824
2.484
2.122
1.048
0.129
0.129
1.061
2.122
2.484
1.824
0.672
0.012
0.34900000000000003
1.462
2.3810000000000002
2.361
1.449
0.34900000000000003
0.0
0.672
1.7850000000000001
2.471
2.122
1.035
0.129
0.14
1.025
2.125
2.484
1.824
0.6980000000000001
0.012
0.323
1.41
2.355
2.355
1.462
0.362
0.0
0.659
1.7850000000000001
2.484
2.1350000000000002
1.1
0.10300000000000001
0.129
1.035
2.122
2.471
1.837
0.685
0.012
0.323
1.436
2.342
2.368
1.488
0.375
0.012
0.634
1.798
2.484
2.161
1.112
0.129
0.09
1.0090000000000001
2.083
2.471
1.8760000000000001
0.724
0.0
0.31
1.3840000000000001
2.342
2.407
1.5010000000000001
0.388
0.0
0.595
1.747
2.484
2.187
1.1
0.129
0.077
0.996
2.083
2.497
1.863
0.737
0.025
0.297
1.371
2.329
2.394
1.5010000000000001
0.427
0.0
0.608
1.721
2.484
2.187
1.125
0.14200000000000002
0.077
0.97
2.07
2.497
1.9020000000000001
0.763
0.02
0.323
1.358
2.29
2.394
1.514
0.439
0.012
0.682
1.734
2.458
2.2
1.125
0.155
0.09
0.931
2.057
2.5100000000000002
1.885
0.776
0.025
0.28400000000000003
1.307
2.316
2.407
1.565
0.452
0.0
0.5690000000000001
1.695
2.445
2.212
1.164
0.194
0.064
0.905
2.035
2.484
1.9020000000000001
0.802
0.025
0.271
1.307
2.277
2.432
1.578
0.452
0.0
0.53
1.6560000000000001
2.432
2.225
1.164
0.194
0.077
0.918
2.0180000000000002
2.5100000000000002
1.941
0.8150000000000001
0.025
0.271
1.294
2.2640000000000002
2.432
1.578
0.47800000000000004
0.0
0.53
1.669
2.42
2.251
1.203
0.20700000000000002
0.038
0.879
2.005
2.484
1.98
0.8150000000000001
0.025
0.258
1.2550000000000001
2.277
2.432
1.604
0.47800000000000004
0.0
0.491
1.6560000000000001
2.445
2.251
1.229
0.20700000000000002
0.051000000000000004
0.867
1.98
2.484
1.992
0.867
0.051000000000000004
0.232
1.229
2.238
2.42
1.6300000000000001
0.53
0.0
0.504
1.6400000000000001
2.471
2.2640000000000002
1.2550000000000001
0.20700000000000002
0.051000000000000004
0.8280000000000001
1.954
2.484
1.992
0.854
0.051000000000000004
0.219
1.216
2.225
2.445
1.643
0.543
0.0
0.47800000000000004
1.604
2.432
2.303
1.268
0.219
0.025
0.8150000000000001
1.954
2.497
2.0180000000000002
0.854
0.077
0.194
1.177
2.212
2.458
1.695
0.543
0.0
0.462
1.565
2.43
2.203
1.294
0.245
0.012
0.802
1.941
2.5100000000000002
2.031
0.905
0.09
0.20700000000000002
1.177
2.2
2.445
1.695
0.5690000000000001
0.012
0.427
1.552
2.394
2.29
1.332
0.271
0.025
0.776
1.915
2.497
2.057
0.931
0.09
0.194
1.1380000000000001
2.2
2.458
1.721
0.595
0.012
0.427
1.54
2.407
2.303
1.358
0.271
0.012
0.763
1.889
2.497
2.044
0.97
0.077
0.168
1.125
2.187
2.445
1.734
0.608
0.0
0.388
1.5010000000000001
2.394
2.329
1.371
0.28400000000000003
0.025
0.757
1.85
2.497
2.057
0.983
0.09
0.181
1.112
2.2
2.458
1.734
0.608
0.0
0.41400000000000003
1.488
2.394
2.303
1.3840000000000001
0.336
0.025
0.724
1.8760000000000001
2.484
2.096
0.983
0.077
0.14200000000000002
1.112
2.174
2.484
1.7850000000000001
0.634
0.0
0.375
1.462
2.3810000000000002
2.342
1.3840000000000001
0.31
0.012
0.711
1.85
2.484
2.096
0.983
0.09
0.129
1.087
2.148
2.458
1.772
0.634
0.0
0.401
1.462
2.368
2.342
1.397
0.31
0.0
0.6980000000000001
1.837
2.497
2.096
1.0090000000000001
0.10300000000000001
0.129
1.048
2.1350000000000002
2.471
1.798
0.659
0.0
0.385
1.449
2.355
2.368
1.423
0.323
0.025
0.6980000000000001
1.837
2.484
2.109
1.048
0.116
0.116
1.035
2.1350000000000002
2.497
1.798
0.672
0.0
0.362
1.436
2.355
2.368
1.449
0.34900000000000003
0.012
0.659
1.7850000000000001
2.484
2.132
1.061
0.129
0.116
1.022
2.109
2.471
1.837
0.685
0.012
0.34900000000000003
1.397
2.368
2.368
1.469
0.375
0.012
0.647
1.772
2.458
2.161
1.061
0.14200000000000002
0.129
1.0090000000000001
2.122
2.484
1.811
0.6980000000000001
0.012
0.323
1.397
2.355
2.355
1.488
0.388
0.0
0.647
1.772
2.484
2.148
1.074
0.14200000000000002
0.09
0.983
2.009
2.497
1.863
0.724
0.0
0.31
1.397
2.355
2.368
1.5010000000000001
0.362
0.0
0.621
1.7850000000000001
2.471
2.148
1.112
0.14200000000000002
0.064
0.983
2.109
2.484
1.824
0.724
0.012
0.31
1.358
2.342
2.394
1.5010000000000001
0.388
0.0
0.595
1.772
2.471
2.161
1.112
0.168
0.077
0.996
2.109
2.497
1.863
0.737
0.012
0.31
1.358
2.316
2.3810000000000002
1.54
0.401
0.0
0.608
1.747
2.458
2.161
1.112
0.155
0.10300000000000001
0.996
2.07
2.497
1.889
0.737
0.0
0.31
1.358
2.316
2.394
1.5010000000000001
0.401
0.0
0.608
1.747
2.471
2.2
1.1380000000000001
0.155
0.09
0.9570000000000001
2.057
2.484
1.8760000000000001
0.753
0.038
0.31
1.345
2.316
2.481
1.514
0.439
0.0
0.582
1.734
2.471
2.2
1.125
0.181
0.09
0.931
2.057
2.497
1.915
0.763
0.025
0.297
1.358
2.303
2.394
1.54
0.427
0.0
0.5690000000000001
1.708
2.484
2.212
1.151
0.20700000000000002
0.077
0.918
2.031
2.5100000000000002
1.915
0.789
0.064
0.245
1.319
2.303
2.42
1.565
0.429
0.0
0.556
1.669
2.445
2.225
1.164
0.219
0.077
0.905
2.031
2.5100000000000002
1.928
0.776
0.051000000000000004
0.245
1.281
2.29
2.42
1.591
0.452
0.0
0.53
1.6560000000000001
2.445
2.238
1.19
0.181
0.064
0.905
2.005
2.484
1.967
0.8220000000000001
0.051000000000000004
0.245
1.281
2.29
2.407
1.604
0.47800000000000004
0.0
0.517
1.669
2.445
2.238
1.229
0.219
0.064
0.892
1.992
2.484
1.967
0.854
0.025
0.219
1.2550000000000001
2.277
2.432
1.617
0.47800000000000004
0.0
0.491
1.617
2.432
2.251
1.229
0.219
0.038
0.867
1.954
2.497
1.98
0.867
0.051000000000000004
0.232
1.242
2.225
2.42
1.6560000000000001
0.517
0.0
0.504
1.6300000000000001
2.432
2.277
1.2550000000000001
0.258
0.038
0.8280000000000001
1.954
2.497
2.008
0.879
0.064
0.20700000000000002
1.213
2.238
2.432
1.669
0.53
0.0
0.465
1.595
2.432
2.2640000000000002
1.281
0.245
0.055
0.8150000000000001
1.954
2.484
2.0180000000000002
0.892
0.077
0.181
1.177
2.225
2.458
1.682
0.543
0.0
0.47800000000000004
1.578
2.407
2.29
1.294
0.245
0.012
0.8150000000000001
1.954
2.484
2.07
0.905
0.09
0.194
1.177
2.225
2.445
1.708
0.543
0.0
0.439
1.552
2.42
2.277
1.332
0.258
0.038
0.763
1.928
2.497
2.057
0.9440000000000001
0.064
0.181
1.151
2.187
2.445
1.734
0.582
0.0
0.41400000000000003
1.54
2.394
2.29
1.358
0.28400000000000003
0.025
0.75
1.889
2.497
2.07
0.983
0.077
0.168
1.112
2.187
2.471
1.7590000000000001
0.621
0.012
0.41400000000000003
1.488
2.407
2.316
1.397
0.323
0.025
0.724
1.863
2.497
2.083
0.996
0.09
0.14200000000000002
1.112
2.161
2.471
1.772
0.608
0.0
0.388
1.488
2.368
2.342
1.371
0.336
0.012
0.724
1.837
2.497
2.083
1.0090000000000001
0.10300000000000001
0.14200000000000002
1.074
2.148
2.497
1.798
0.621
0.012
0.375
1.462
2.3810000000000002
2.342
1.397
0.323
0.025
0.724
1.824
2.484
2.109
1.022
0.129
0.14200000000000002
1.035
2.148
2.484
1.7850000000000001
0.647
0.012
0.362
1.449
2.355
2.355
1.436
0.323
0.0
0.672
1.824
2.471
2.1350000000000002
1.048
0.129
0.116
1.048
2.148
2.471
1.811
0.685
0.0
0.34900000000000003
1.436
2.342
2.368
1.462
0.336
0.0
0.659
1.798
2.497
2.1350000000000002
1.061
0.129
0.10300000000000001
1.0090000000000001
2.132
2.471
1.811
0.672
0.012
0.34900000000000003
1.41
2.368
2.355
1.475
0.362
0.012
0.634
1.7850000000000001
2.445
2.148
1.074
0.129
0.10300000000000001
1.0090000000000001
2.109
2.484
1.824
0.685
0.012
0.323
1.371
2.342
2.368
1.462
0.401
0.0
0.634
1.7590000000000001
2.458
2.174
1.074
0.14200000000000002
0.10300000000000001
0.996
2.096
2.484
1.863
0.724
0.012
0.31
1.3840000000000001
2.329
2.368
1.488
0.375
0.0
0.647
1.747
2.488
2.148
1.1
0.14200000000000002
0.09
0.983
2.096
2.41
1.85
0.737
0.0
0.323
1.358
2.316
2.3810000000000002
1.514
0.40900000000000003
0.0
0.595
1.747
2.481
2.161
1.112
0.194
0.077
0.983
2.083
2.471
1.889
0.72
0.0
0.31
1.345
2.303
2.394
1.488
0.388
0.0
0.608
1.721
2.471
2.2
1.125
0.155
0.077
0.931
2.083
2.497
1.9020000000000001
0.737
0.01
0.31
1.345
2.303
2.407
1.514
0.439
0.012
0.5690000000000001
1.695
2.445
2.1
1.1380000000000001
0.181
0.09
0.918
2.044
2.471
1.915
0.776
0.038
0.271
1.332
2.277
2.3810000000000002
1.565
0.452
0.0
0.556
1.682
2.445
2.2
1.164
0.168
0.064
0.931
2.044
2.484
1.928
0.802
0.025
0.28400000000000003
1.319
2.277
2.432
1.555
0.439
0.0
0.53
1.682
2.445
2.225