
0.8150000000000001
2.225
2.303
0.892
0.0
0.789
2.238
2.277
0.892
0.0
0.8280000000000001
2.212
2.277
0.918
0.0
0.8150000000000001
2.212
2.277
0.905
0.012
0.789
2.2
2.303
0.905
0.012
0.802
2.2
2.316
0.918
0.0
0.776
2.2
2.303
0.918
0.0
0.763
2.187
2.303
0.9440000000000001
0.0
0.763
2.187
2.29
0.9570000000000001
0.0
0.711
2.187
2.316
0.97
0.012
0.724
2.184
2.342
0.983
0.012
0.737
2.187
2.355
0.996
0.0
0.728
2.161
2.342
0.996
0.0
0.6980000000000001
2.187
2.342
1.035
0.0
0.711
2.161
2.342
0.996
0.0
0.6980000000000001
2.168
2.342
1.035
0.012
0.6980000000000001
2.1350000000000002
2.342
1.048
0.012
0.6980000000000001
2.1350000000000002
2.342
1.035
0.025
0.672
2.148
2.368
1.048
0.0
0.647
2.109
2.342
1.048
0.012
0.647
2.096
2.368
1.061
0.0
0.647
2.109
2.391
1.074
0.0
0.659
2.109
2.394
1.061
0.0
0.634
2.109
2.394
1.1
0.0
0.634
2.083
2.3810000000000002
1.1
0.0
0.621
2.096
2.394
1.074
0.012
0.608
2.07
2.394
1.1
0.025
0.621
2.044
2.394
1.1380000000000001
0.025
0.608
2.07
2.394
1.125
0.038
0.608
2.057
2.407
1.1380000000000001
0.025
0.592
2.057
2.407
1.151
0.025
0.5690000000000001
2.031
2.407
1.1380000000000001
0.012
0.582
2.057
2.42
1.151
0.025
0.582
2.031
2.432
1.19
0.0
0.556
2.031
2.407
1.151
0.025
0.556
2.0180000000000002
2.42
1.203
0.038
0.543
2.005
2.42
1.177
0.038
0.553
2.005
2.432
1.216
0.038
0.543
1.992
2.432
1.203
0.038
0.53
1.98
2.42
1.229
0.051000000000000004
0.504
1.98
2.442
1.242
0.038
0.517
1.967
2.445
1.216
0.038
0.517
1.967
2.458
1.242
0.051000000000000004
0.504
1.967
2.458
1.268
0.038
0.491
1.941
2.458
1.281
0.064
0.465
1.941
2.458
1.294
0.064
0.491
1.954
2.458
1.294
0.064
0.465
1.954
2.445
1.307
0.077
0.47200000000000003
1.941
2.471
1.281
0.077
0.427
1.928
2.458
1.281
0.064
0.452
1.941
2.445
1.291
0.09
0.427
1.9020000000000001
2.445
1.315
0.077
0.465
1.915
2.458
1.332
0.064
0.427
1.928
2.458
1.319
0.10300000000000001
0.454
1.889
2.471
1.345
0.077
0.41400000000000003
1.9020000000000001
2.458
1.332
0.064
0.427
1.889
2.471
1.358
0.077
0.401
1.889
2.458
1.3840000000000001
0.09
0.41400000000000003
1.8760000000000001
2.471
1.3840000000000001
0.09
0.401
1.889
2.458
1.397
0.10300000000000001
0.401
1.8760000000000001
2.458
1.397
0.10300000000000001
0.41400000000000003
1.85
2.458
1.41
0.10300000000000001
0.401
1.85
2.458
1.397
0.10300000000000001
0.388
1.83
2.484
1.41
0.10300000000000001
0.34900000000000003
1.85
2.484
1.423
0.116
0.388
1.837
2.471
1.3900000000000001
0.10300000000000001
0.375
1.863
2.484
1.41
0.116
0.362
1.824
2.471
1.449
0.129
0.34900000000000003
1.824
2.484
1.462
0.123
0.336
1.798
2.477
1.462
0.129
0.336
1.7850000000000001
2.497
1.475
0.14200000000000002
0.323
1.7850000000000001
2.497
1.488
0.129
0.323
1.772
2.484
1.488
0.14200000000000002
0.323
1.772
2.484
1.5010000000000001
0.129
0.323
1.7590000000000001
2.471
1.488
0.129
0.323
1.734
2.484
1.5270000000000001
0.14200000000000002
0.31
1.734
2.497
1.552
0.155
0.31
1.734
2.484
1.552
0.181
0.28400000000000003
1.734
2.484
1.5270000000000001
0.181
0.271
1.734
2.471
1.5010000000000001
0.158
0.271
1.682
2.494
1.54
0.155
0.28400000000000003
1.695
2.484
1.565
0.168
0.271
1.695
2.484
1.591
0.20700000000000002
0.258
1.682
2.484
1.565
0.20700000000000002
0.245
1.6560000000000001
2.484
1.578
0.181
0.245
1.695
2.497
1.591
0.20700000000000002
0.219
1.669
2.497
1.578
0.20700000000000002
0.258
1.669
2.5100000000000002
1.643
0.194
0.278
1.653
2.497
1.5170000000000001
0.219
0.245
1.669
2.5100000000000002
1.591
0.219
0.20700000000000002
1.617
2.497
1.6300000000000001
0.20700000000000002
0.245
1.6560000000000001
2.497
1.617
0.20700000000000002
0.232
1.643
2.497
1.603
0.219
0.20700000000000002
1.617
2.484
1.617
0.232
0.194
1.617
2.484
1.682
0.258
0.219
1.591
2.497
1.682
0.245
0.20700000000000002
1.591
2.497
1.682
0.232
0.20700000000000002
1.591
2.497
1.682
0.258
0.194
1.552
2.471
1.695
0.28400000000000003
0.181
1.5270000000000001
2.497
1.708
0.258
0.194
1.552
2.471
1.695
0.271
0.181
1.554
2.497
1.708
0.258
0.181
1.5270000000000001
2.497
1.721
0.31
0.185
1.488
2.484
1.747
0.31
0.155
1.5010000000000001
2.497
1.7850000000000001
0.323
0.168
1.475
2.484
1.7590000000000001
0.323
0.168
1.488
2.497
1.811
0.31
0.155
1.475
2.5100000000000002
1.7850000000000001
0.336
0.129
1.466
2.471
1.778
0.31
0.14200000000000002
1.449
2.477
1.811
0.336
0.116
1.436
2.484
1.797
0.366
0.116
1.436
2.484
1.837
0.362
0.116
1.41
2.497
1.837
0.34900000000000003
0.129
1.41
2.451
1.85
0.388
0.116
1.3840000000000001
2.458
1.85
0.401
0.116
1.358
2.484
1.85
0.41400000000000003
0.077
1.3840000000000001
2.458
1.879
0.401
0.09
1.345
2.458
1.889
0.401
0.09
1.358
2.471
1.8760000000000001
0.427
0.077
1.345
2.471
1.889
0.41400000000000003
0.09
1.332
2.445
1.915
0.439
0.064
1.345
2.445
1.928
0.439
0.064
1.332
2.445
1.928
0.439
0.051000000000000004
1.319
2.471
1.928
0.439
0.077
1.307
2.458
1.915
0.427
0.064
1.294
2.475
1.915
0.465
0.077
1.294
2.458
1.915
0.439
0.064
1.281
2.458
1.954
0.47800000000000004
0.051000000000000004
1.281
2.432
1.954
0.504
0.064
1.2550000000000001
2.458
1.967
0.491
0.025
1.281
2.42
1.99
0.47800000000000004
0.07100000000000001
1.229
2.432
1.992
0.491
0.051000000000000004
1.242
2.432
1.905
0.517
0.038
1.229
2.42
1.98
0.517
0.038
1.216
2.42
2.005
0.53
0.038
1.216
2.42
2.0180000000000002
0.53
0.038
1.216
2.42
2.0180000000000002
0.53
0.025
1.216
2.432
2.031
0.543
0.038
1.216
2.432
2.031
0.5690000000000001
0.025
1.177
2.407
1.992
0.53
0.025
1.103
2.407
2.0180000000000002
0.582
0.025
1.151
2.407
2.031
0.556
0.0
1.164
2.394
2.057
0.595
0.025
1.151
2.407
2.07
0.5690000000000001
0.025
1.151
2.407
2.07
0.608
0.038
1.125
2.407
2.044
0.582
0.0
1.112
2.3810000000000002
2.057
0.608
0.025
1.125
2.394
2.07
0.608
0.012
1.125
2.3810000000000002
2.083
0.634
0.012
1.1
2.3810000000000002
2.109
0.621
0.025
1.112
2.394
2.083
0.621
0.012
1.061
2.368
2.109
0.647
0.038
1.074
2.368
2.122
0.621
0.025
1.061
2.342
2.122
0.621
0.012
1.035
2.368
2.122
0.647
0.0
1.035
2.342
2.109
0.711
0.0
1.035
2.355
2.148
0.685
0.0
0.996
2.342
2.161
0.711
0.0
1.0090000000000001
2.342
2.161
0.724
0.0
1.0090000000000001
2.316
2.164
0.737
0.0
0.97
2.316
2.187
0.737
0.0
0.996
2.342
2.174
0.763
0.0
0.9570000000000001
2.316
2.2
0.737
0.0
0.931
2.316
2.212
0.75
0.0
0.931
2.203
2.187
0.763
0.0
0.9440000000000001
2.303
2.225
0.776
0.0
0.918
2.2640000000000002
2.212
0.789
0.0
0.918
2.277
2.212
0.715
0.0
0.918
2.29
2.225
0.8150000000000001
0.0
0.892
2.29
2.212
0.8280000000000001
0.0
0.879
2.277
2.2640000000000002
0.841
0.0
0.867
2.2640000000000002
2.2640000000000002
0.867
0.0
0.854
2.225
2.2640000000000002
0.905
0.0
0.841
2.225
2.277
0.854
0.0
0.841
2.212
2.277
0.892
0.0
0.8280000000000001
2.238
2.277
0.892
0.0
0.8150000000000001
2.225
2.277
0.905
0.012
0.8150000000000001
2.2
2.2640000000000002
0.931
0.0
0.802
2.225
2.303
0.905
0.0
0.789
2.2
2.29
0.905
0.0
0.776
2.212
2.303
0.931
0.0
0.789
2.212
2.303
0.9570000000000001
0.0
0.763
2.212
2.316
0.983
0.0
0.763
2.212
2.342
0.97
0.0
0.724
2.187
2.229
0.97
0.0
0.75
2.2
2.303
0.983
0.0
0.75
2.174
2.316
0.9570000000000001
0.0
0.711
2.161
2.303
0.983
0.0
0.724
2.161
2.342
0.996
0.012
0.711
2.148
2.342
0.983
0.0
0.724
2.161
2.355
1.022
0.0
0.724
2.148
2.368
1.048
0.0
0.6980000000000001
2.148
2.342
1.048
0.012
0.685
2.1350000000000002
2.355
1.035
0.0
0.685
2.122
2.3810000000000002
1.061
0.0
0.672
2.109
2.3810000000000002
1.048
0.012
0.659
2.109
2.355
1.087
0.012
0.634
2.109
2.407
1.1
0.012
0.659
2.096
2.355
1.025
0.0
0.634
2.07
2.432
1.125
0.0
0.647
2.096
2.407
1.125
0.0
0.608
2.083
2.3810000000000002
1.125
0.025
0.608
2.057
2.407
1.125
0.012
0.608
2.057
2.407
1.112
0.025
0.608
2.083
2.394
1.1380000000000001
0.025
0.608
2.057
2.3810000000000002
1.125
0.025
0.582
2.031
2.407
1.125
0.025
0.595
2.031
2.394
1.177
0.038
0.582
2.0180000000000002
2.394
1.19
0.038
0.543
2.031
2.394
1.164
0.051000000000000004
0.53
2.031
2.42
1.203
0.038
0.504
2.005
2.432
1.229
0.038
0.517
2.0100000000000002
2.42
1.216
0.051000000000000004
0.504
1.98
2.432
1.242
0.051000000000000004
0.517
2.0
2.432
1.242
0.051000000000000004
0.47800000000000004
1.98
2.445
1.242
0.064
0.504
1.967
2.445
1.229
0.064
0.47800000000000004
1.954
2.422
1.281
0.064
0.465
1.954
2.445
1.281
0.077
0.47800000000000004
1.954
2.445
1.268
0.064
0.465
1.928
2.432
1.307
0.051000000000000004
0.47800000000000004
1.928
2.445
1.281
0.064
0.465
1.915
2.458
1.319
0.064
0.452
1.889
2.445
1.307
0.077
0.452
1.9020000000000001
2.458
1.358
0.09
0.452
1.989
2.471
1.345
0.09
0.439
1.9020000000000001
2.471
1.332
0.09
0.427
1.8760000000000001
2.471
1.371
0.073
0.439
1.8760000000000001
2.445
1.371
0.10300000000000001
0.427
1.85
2.471
1.371
0.09
0.427
1.863
2.484
1.397
0.10300000000000001
0.401
1.837
2.484
1.371
0.116
0.34800000000000003
1.837
2.471
1.397
0.10300000000000001
0.401
1.824
2.484
1.3840000000000001
0.129
0.378
1.85
2.497
1.397
0.116
0.375
1.837
2.484
1.436
0.116
0.375
1.811
2.471
1.423
0.129
0.34900000000000003
1.7850000000000001
2.484
1.449
0.129
0.336
1.7850000000000001
2.484
1.475
0.129
0.336
1.798
2.458
1.475
0.116
0.336
1.7850000000000001
2.445
1.5010000000000001
0.129
0.31
1.734
2.497
1.475
0.129
0.31
1.7850000000000001
2.5100000000000002
1.5010000000000001
0.129
0.323
1.747
2.497
1.5010000000000001
0.168
0.297
1.734
2.484
1.5010000000000001
0.168
0.28400000000000003
1.734
2.497
1.514
0.168
0.28400000000000003
1.734
2.5100000000000002
1.5270000000000001
0.155
0.28400000000000003
1.695
2.5100000000000002
1.5270000000000001
0.181
0.271
1.695
2.41
1.54
0.155
0.297
1.695
2.484
1.565
0.194
0.271
1.682
2.484
1.552
0.194
0.271
1.6560000000000001
2.484
1.578
0.194
0.245
1.669
2.484
1.591
0.194
0.232
1.6560000000000001
2.471
1.604
0.181
0.245
1.6560000000000001
2.497
1.617
0.219
0.245
1.669
2.5100000000000002
1.604
0.232
0.245
1.6560000000000001
2.5100000000000002
1.604
0.232
0.20700000000000002
1.617
2.484
1.6560000000000001
0.219
0.232
1.617
2.497
1.6560000000000001
0.245
0.219
1.604
2.497
1.695
0.271
0.232
1.572
2.471
1.669
0.232
0.20700000000000002
1.591
2.484
1.695
0.271
0.20700000000000002
1.552
2.497
1.695
0.258
0.168
1.552
2.497
1.708
0.271
0.181
1.565
2.497
1.734
0.258
0.181
1.54
2.497
1.7590000000000001
0.28400000000000003
0.168
1.5010000000000001
2.497
1.721
0.28400000000000003
0.168
1.5010000000000001
2.484
1.747
0.31
0.168
1.488
2.474
1.772
0.31
0.129
1.5010000000000001
2.5100000000000002
1.7590000000000001
0.297
0.155
1.475
2.484
1.772
0.31
0.155
1.449
2.497
1.798
0.34600000000000003
0.14200000000000002
1.476
2.484
1.7850000000000001
0.336
0.129
1.475
2.471
1.7850000000000001
0.375
0.14200000000000002
1.449
2.471
1.798
0.323
0.129
1.449
2.497
1.824
0.336
0.116
1.436
2.484
1.824
0.362
0.116
1.462
2.471
1.811
0.34900000000000003
0.116
1.41
2.471
1.824
0.365
0.10300000000000001
1.41
2.484
1.837
0.336
0.10300000000000001
1.3840000000000001
2.484
1.85
0.401
0.116
1.397
2.458
1.85
0.375
0.116
1.371
2.458
1.8760000000000001
0.401
0.10300000000000001
1.3840000000000001
2.458
1.8760000000000001
0.388
0.116
1.397
2.484
1.8760000000000001
0.401
0.116
1.371
2.458
1.85
0.401
0.09
1.371
2.458
1.8760000000000001
0.388
0.09
1.358
2.471
1.889
0.388
0.064
1.371
2.445
1.889
0.427
0.077
1.345
2.458
1.872
0.41400000000000003
0.09
1.345
2.458
1.915
0.439
0.064
1.307
2.471
1.889
0.427
0.09
1.319
2.471
1.928
0.47800000000000004
0.064
1.294
2.432
1.928
0.452
0.051000000000000004
1.281
2.445
1.941
0.491
0.051000000000000004
1.294
2.445
1.928
0.47800000000000004
0.051000000000000004
1.2550000000000001
2.42
1.954
0.491
0.064
1.281
2.42
1.954
0.504
0.074
1.242
2.445
1.928
0.491
0.051000000000000004
1.2550000000000001
2.42
1.98
0.517
0.051000000000000004
1.216
2.432
1.98
0.47800000000000004
0.051000000000000004
1.216
2.432
1.967
0.491
0.038
1.229
2.445
1.967
0.53
0.051000000000000004
1.242
2.432
1.018
0.53
0.038
1.216
2.432
2.005
0.53
0.025
1.229
2.42
2.005
0.53
0.012
1.22
2.42
2.031
0.53
0.025
1.203
2.407
2.031
0.556
0.025
1.164
2.394
2.031
0.556
0.025
1.151
2.3810000000000002
2.057
0.582
0.025
1.168
2.407
2.057
0.5690000000000001
0.012
1.125
2.407
2.083
0.582
0.015
1.1380000000000001
2.407
2.057
0.595
0.0
1.112
2.3810000000000002
2.083
0.608
0.0
1.061
2.3810000000000002
2.083
0.634
0.012
1.074
2.407
2.109
0.634
0.012
1.112
2.355
2.122
0.647
0.012
1.048
2.355
2.122
0.634
0.012
1.035
2.355
2.109
0.659
0.0
1.022
2.342
2.1350000000000002
0.647
0.0
1.022
2.342
2.1350000000000002
0.711
0.012
1.035
2.342
2.1350000000000002
0.685
0.0
1.035
2.355
2.148
0.711
0.0
1.0090000000000001
2.342
2.161
0.724
0.0
0.983
2.342
2.122
0.724
0.0
0.983
2.342
2.2
0.737
0.0
0.983
2.303
2.2
0.737
0.012
0.931
2.329
2.187
0.75
0.0
0.9440000000000001
2.316
2.225
0.776
0.002
0.9440000000000001
2.329
2.2
0.789
0.0
0.905
2.303
2.212
0.766
0.0
0.931
2.303
2.212
0.776
0.0
0.918
2.29
2.225
0.8150000000000001
0.0
0.905
2.2640000000000002
2.225
0.8150000000000001
0.0
0.931
2.277
2.225
0.789
0.012
0.879
2.29
2.225
0.8150000000000001
0.012
0.892
2.277
2.225
0.867
0.0
0.892
2.2640000000000002
2.225
0.854
0.0
0.841
2.2640000000000002
2.2640000000000002
0.854
0.0
0.854
2.2640000000000002
2.2640000000000002
0.854
0.0
0.867
2.2640000000000002
2.277
0.849
0.0
0.8280000000000001
2.2640000000000002
2.2640000000000002
0.867
0.0
0.8150000000000001
2.251
2.277
0.879
0.0
0.8280000000000001
2.225
2.2640000000000002
0.905
0.012
0.789
2.238
2.277
0.879
0.025
0.8150000000000001
2.212
2.303
0.879
0.0
0.8150000000000001
2.2
2.303
0.931
0.0
0.776
2.187
2.29
0.918
0.0
0.763
2.2
2.303
0.9440000000000001
0.012
0.776
2.187
2.303
0.918
0.0
0.776
2.174
2.303
0.9440000000000001
0.0
0.711
2.187
2.303
0.9570000000000001
0.0
0.737
2.187
2.342
0.9570000000000001
0.0
0.711
2.187
2.29
0.97
0.0
0.724
2.161
2.329
1.022
0.0
0.724
2.148
2.368
0.986
0.012
0.685
2.1350000000000002
2.342
1.022
0.012
0.659
2.122
2.342
1.022
0.012
0.672
2.122
2.355
1.035
0.0
0.672
2.122
2.355
1.035
0.025
0.672
2.109
2.355
1.061
0.012
0.672
2.109
2.368
1.074
0.0
0.647
2.109
2.368
1.074
0.0
0.634
2.096
2.394
1.087
0.0
0.625
2.096
2.394
1.087
0.025
0.634
2.083
2.407
1.1
0.025
0.608
2.096
2.368
1.125
0.025
0.608
2.087
2.3810000000000002
1.1
0.025
0.608
2.07
2.394
1.112
0.025
0.582
2.044
2.394
1.1380000000000001
0.012
0.582
2.044
2.394
1.151
0.025
0.543
2.057
2.394
1.164
0.012
0.53
2.031
2.407
1.19
0.025
0.53
1.992
2.42
1.164
0.038
0.53
2.005
2.402
1.177
0.038
0.543
2.005
2.432
1.203
0.025
0.504
2.005
2.407
1.216
0.038
0.504
2.005
2.445
1.229
0.025
0.47800000000000004
1.98
2.432
1.216
0.064
0.47800000000000004
2.0180000000000002
2.42
1.216
0.025
0.504
1.967
2.432
1.2550000000000001
0.064
0.504
1.967
2.458
1.268
0.038
0.47800000000000004
1.954
2.432
1.268
0.064
0.47800000000000004
1.954
2.432
1.307
0.051000000000000004
0.465
1.941
2.445
1.294
0.064
0.465
1.941
2.458
1.281
0.051000000000000004
0.452
1.928
2.445
1.294
0.09
0.452
1.889
2.445
1.281
0.09
0.439
1.915
2.445
1.332
0.064
0.427
1.889
2.458
1.307
0.064
0.452
1.915
2.445
1.319
0.064
0.452
1.9020000000000001
2.445
1.319
0.10300000000000001
0.427
1.872
2.471
1.319
0.077
0.427
1.8760000000000001
2.458
1.371
0.10300000000000001
0.427
1.889
2.471
1.371
0.077
0.401
1.889
2.458
1.371
0.10300000000000001
0.427
1.8760000000000001
2.458
1.3840000000000001
0.10300000000000001
0.427
1.863
2.445
1.345
0.10300000000000001
0.41400000000000003
1.8760000000000001
2.445
1.397
0.10300000000000001
0.41400000000000003
1.85
2.484
1.371
0.09
0.301
1.85
2.458
1.3840000000000001
0.116
0.405
1.863
2.458
1.371
0.09
0.375
1.863
2.497
1.397
0.10300000000000001
0.401
1.824
2.497
1.397
0.09
0.375
1.85
2.484
1.41
0.129
0.375
1.811
2.458
1.436
0.10300000000000001
0.388
1.811
2.471
1.423
0.116
0.34900000000000003
1.798
2.484
1.41
0.129
0.34900000000000003
1.824
2.497
1.436
0.129
0.336
1.7850000000000001
2.471
1.449
0.129
0.362
1.798
2.484
1.475
0.14200000000000002
0.323
1.772
2.497
1.462
0.14200000000000002
0.323
1.772
2.458
1.462
0.155
0.323
1.7590000000000001
2.458
1.462
0.122
0.31
1.7590000000000001
2.497
1.475
0.155
0.297
1.7590000000000001
2.484
1.5010000000000001
0.129
0.323
1.7590000000000001
2.484
1.488
0.168
0.297
1.734
2.497
1.488
0.14200000000000002
0.297
1.721
2.497
1.5010000000000001
0.14200000000000002
0.271
1.695
2.497
1.514
0.181
0.297
1.734
2.484
1.552
0.194
0.28400000000000003
1.721
2.484
1.54
0.181
0.271
1.708
2.5100000000000002
1.552
0.181
0.258
1.6560000000000001
2.5100000000000002
1.552
0.191
0.258
1.669
2.484
1.591
0.194
0.245
1.6560000000000001
2.5100000000000002
1.578
0.219
0.271
1.6560000000000001
2.484
1.591
0.232
0.258
1.6560000000000001
2.484
1.617
0.20700000000000002
0.219
1.643
2.484
1.607
0.194
0.219
1.643
2.497
1.604
0.20700000000000002
0.219
1.643
2.471
1.643
0.20700000000000002
0.232
1.617
2.5100000000000002
1.669
0.245
0.194
1.604
2.497
1.682
0.245
0.194
1.578
2.497
1.682
0.245
0.20700000000000002
1.591
2.484
1.669
0.232
0.219
1.565
2.484
1.708
0.245
0.194
1.552
2.497
1.695
0.245
0.20700000000000002
1.552
2.497
1.695
0.258
0.181
1.54
2.497
1.708
0.28400000000000003
0.181
1.54
2.497
1.734
0.297
0.168
1.5010000000000001
2.471
1.708
0.271
0.181
1.5270000000000001
2.471
1.747
0.31
0.181
1.5010000000000001
2.484
1.734
0.323
0.181
1.5010000000000001
2.471
1.7590000000000001
0.28400000000000003
0.14200000000000002
1.488
2.471
1.772
0.31
0.155
1.5010000000000001
2.5100000000000002
1.772
0.323
0.129
1.462
2.497
1.7590000000000001
0.336
0.129
1.488
2.497
1.811
0.336
0.149
1.449
2.471
1.7850000000000001
0.323
0.116
1.436
2.458
1.798
0.34900000000000003
0.14200000000000002
1.436
2.484
1.811
0.362
0.129
1.449
2.497
1.824
0.34900000000000003
0.10300000000000001
1.423
2.458
1.824
0.362
0.10300000000000001
1.41
2.484
1.824
0.375
0.10300000000000001
1.41
2.484
1.85
0.388
0.10300000000000001
1.3840000000000001
2.484
1.837
0.41400000000000003
0.116
1.397
2.458
1.863
0.401
0.116
1.3840000000000001
2.471
1.85
0.375
0.077
1.358
2.471
1.889
0.388
0.116
1.358
2.484
1.8760000000000001
0.439
0.073
1.371
2.471
1.8760000000000001
0.439
0.077
1.307
2.445
1.889
0.41400000000000003
0.09
1.332
2.445
1.915
0.452
0.064
1.339
2.445
1.915
0.465
0.064
1.307
2.458
1.915
0.452
0.09
1.294
2.445
1.941
0.465
0.064
1.319
2.445
1.928
0.427
0.051000000000000004
1.294
2.471
1.954
0.452
0.051000000000000004
1.3940000000000001
2.471
1.941
0.465
0.038
1.268
2.42
1.954
0.465
0.025
1.268
2.445
1.954
0.465
0.038
1.2550000000000001
2.445
1.967
0.465
0.064
1.242
2.432
1.95
0.47800000000000004
0.064
1.268
2.445
1.98
0.504
0.064
1.229
2.42
1.967
0.517
0.051000000000000004
1.242
2.42
1.992
0.53
0.038
1.229
2.432
1.967
0.53
0.038
1.203
2.42
2.005
0.53
0.051000000000000004
1.242
2.432
2.0180000000000002
0.504
0.051000000000000004
1.229
2.432
2.005
0.517
0.038
1.216
2.407
1.98
0.53
0.038
1.203
2.42
2.031
0.556
0.025
1.203
2.407
2.0180000000000002
0.536
0.012
1.203
2.445
2.0180000000000002
0.543
0.012
1.17
2.407
2.0180000000000002
0.543
0.012
1.164
2.394
2.044
0.556
0.012
1.2510000000000001
2.42
2.057
0.556
0.012
1.151
2.394
2.044
0.543
0.012
1.174
2.394
2.044
0.582
0.025
1.164
2.394
2.057
0.582
0.012
1.1380000000000001
2.494
2.057
0.5690000000000001
0.025
1.164
2.407
2.044
0.595
0.025
1.1380000000000001
2.3810000000000002
2.057
0.608
0.012
1.125
2.3810000000000002
2.057
0.595
0.012
1.125
2.394
2.083
0.595
0.025
1.112
2.394
2.07
0.608
0.0
1.125
2.407
2.057
0.608
0.012
1.112
2.407
2.057
0.621
0.012
1.1
2.394
2.096
0.621
0.025
1.1
2.407
2.096
0.608
0.0
1.087
2.394
2.096
0.621
0.012
1.087
2.394
2.083
0.634
0.012
1.061
2.355
2.1350000000000002
0.621
0.0
1.074
2.3810000000000002
2.122
0.647
0.012
1.035
2.368
2.196
0.647
0.012
1.035
2.368
2.122
0.647
0.0
1.061
2.368
2.1350000000000002
0.647
0.012
1.035
2.368
2.109
0.672
0.0
1.035
2.342
2.122
0.659
0.012
1.035
2.3810000000000002
2.109
0.647
0.012
1.035
2.342
2.122
0.6980000000000001
0.012
1.0090000000000001
2.329
2.1350000000000002
0.672
0.012
1.022
2.329
2.161
0.6980000000000001
0.012
1.022
2.342
2.174
0.724
0.012
0.983
2.316
2.1470000000000002
0.711
0.012
0.9570000000000001
2.316
2.187
0.737
0.0
0.97
2.303
2.1
0.75
0.012
0.97
2.313
2.18
0.763
0.0
0.9570000000000001
2.277
2.212
0.776
0.0
0.931
2.303
2.225
0.763
0.0
0.918
2.29
2.212
0.8280000000000001
0.0
0.892
2.2640000000000002
2.212
0.841
0.012
0.879
2.291
2.238
0.8150000000000001
0.0
0.879
2.291
2.238
0.854
0.0
0.841
2.2640000000000002
2.29
0.892
0.0
0.8280000000000001
2.238
2.2640000000000002
0.867
0.0
0.8280000000000001
2.238
2.277
0.892
0.0
0.8150000000000001
2.225
2.303
0.905
0.025
0.8150000000000001
2.225
2.303
0.918
0.012
0.8150000000000001
2.2
2.303
0.931
0.012
0.763
2.2
2.316
0.9570000000000001
0.0
0.763
2.187
2.303
0.9570000000000001
0.0
0.776
2.2
2.303
0.97
0.0
0.724
2.2
2.342
0.97
0.0
0.798
2.187
2.342
0.983
0.0
0.711
2.174
2.355
1.0090000000000001
0.0
0.6980000000000001
2.161
2.342
1.061
0.0
0.685
2.148
2.355
1.035
0.012
0.647
2.1350000000000002
2.342
1.061
0.012
0.685
2.148
2.355
1.061
0.0
0.672
2.109
2.355
1.048
0.012
0.647
2.109
2.407
1.061
0.0
0.634
2.083
2.394
1.074
0.0
0.608
2.096
2.394
1.125
0.012
0.621
2.109
2.394
1.112
0.012
0.602
2.07
2.394
1.1
0.012
0.595
2.07
2.407
1.1380000000000001
0.0
0.621
2.07
2.407
1.151
0.025
0.595
2.057
2.42
1.1380000000000001
0.012
0.595
2.057
2.394
1.1380000000000001
0.018000000000000002
0.5690000000000001
2.0180000000000002
2.3810000000000002
1.151
0.012
0.5690000000000001
2.044
2.394
1.151
0.012
0.53
2.031
2.407
1.19
0.038
0.53
2.005
2.42
1.216
0.025
0.53
1.967
2.445
1.19
0.051000000000000004
0.491
1.992
2.432
1.229
0.038
0.504
2.005
2.42
1.229
0.038
0.47800000000000004
1.954
2.438
1.242
0.038
0.491
1.954
2.432
1.268
0.051000000000000004
0.465
1.967
2.458
1.268
0.038
0.491
1.941
2.445
1.307
0.064
0.465
1.954
2.445
1.281
0.064
0.465
1.9020000000000001
2.445
1.307
0.064
0.439
1.915
2.445
1.307
0.09
0.439
1.915
2.471
1.332
0.064
0.465
1.928
2.441
1.332
0.064
0.439
1.8760000000000001
2.484
1.345
0.077
0.427
1.9020000000000001
2.458
1.345
0.09
0.427
1.8760000000000001
2.445
1.358
0.09
0.427
1.8760000000000001
2.458
1.3840000000000001
0.003
0.41400000000000003
1.8760000000000001
2.484
1.3840000000000001
0.077
0.41400000000000003
1.863
2.484
1.397
0.129
0.375
1.863
2.471
1.3840000000000001
0.10300000000000001
0.41400000000000003
1.837
2.471
1.436
0.10300000000000001
0.401
1.85
2.484
1.397
0.116
0.375
1.837
2.471
1.41
0.09
0.375
1.824
2.458
1.436
0.129
0.34900000000000003
1.824
2.458
1.423
0.129
0.375
1.811
2.458
1.449
0.116
0.342
1.798
2.497
1.475
0.116
0.323
1.798
2.497
1.475
0.116
0.336
1.811
2.458
1.468
0.129
0.323
1.772
2.484
1.449
0.14200000000000002
0.31
1.772
2.471
1.475
0.129
0.323
1.734
2.471
1.488
0.152
0.31
1.747
2.484
1.5010000000000001
0.155
0.31
1.721
2.5100000000000002
1.514
0.155
0.397
1.721
2.497
1.488
0.14200000000000002
0.297
1.747
2.5100000000000002
1.5270000000000001
0.181
0.28400000000000003
1.708
2.471
1.552
0.181
0.28400000000000003
1.708
2.497
1.552
0.181
0.271
1.721
2.484
1.565
0.181
0.28400000000000003
1.682
2.497
1.591
0.194
0.271
1.6560000000000001
2.497
1.578
0.194
0.258
1.669
2.497
1.591
0.219
0.232
1.689
2.484
1.578
0.194
0.272
1.682
2.484
1.578
0.219
0.232
1.6560000000000001
2.484
1.591
0.219
0.245
1.6560000000000001
2.484
1.604
0.194
0.232
1.6300000000000001
2.497
1.643
0.219
0.20700000000000002
1.643
2.5100000000000002
1.6560000000000001
0.219
0.232
1.6300000000000001
2.484
1.617
0.232
0.20700000000000002
1.591
2.484
1.653
0.219
0.219
1.591
2.497
1.669
0.219
0.181
1.591
2.497
1.695
0.258
0.20700000000000002
1.552
2.484
1.669
0.271
0.219
1.54
2.484
1.695
0.271
0.168
1.552
2.497
1.734
0.258
0.194
1.54
2.497
1.708
0.28400000000000003
0.155
1.54
2.484
1.721
0.297
0.181
1.514
2.497
1.734
0.28400000000000003
0.155
1.514
2.497
1.734
0.28400000000000003
0.168
1.488
2.471
1.7590000000000001
0.323
0.155
1.5010000000000001
2.471
1.7590000000000001
0.31
0.14200000000000002
1.475
2.471
1.7850000000000001
0.297
0.14200000000000002
1.475
2.497
1.811
0.297
0.14200000000000002
1.462
2.471
1.7810000000000001
0.336
0.116
1.436
2.497
1.798
0.34900000000000003
0.116
1.423
2.484
1.798
0.34900000000000003
0.116
1.436
2.484
1.724
0.362
0.116
1.423
2.471
1.85
0.362
0.116
1.41
2.458
1.824
0.365
0.10300000000000001
1.3840000000000001
2.471
1.85
0.388
0.116
1.3840000000000001
2.471
1.85
0.401
0.077
1.371
2.458
1.8760000000000001
0.388
0.09
1.345
2.458
1.8760000000000001
0.41400000000000003
0.09
1.345
2.432
1.9020000000000001
0.41400000000000003
0.064
1.307
2.445
1.941
0.452
0.064
1.381
2.445
1.915
0.465
0.077
1.307
2.432
1.928
0.465
0.064
1.281
2.458
1.967
0.452
0.064
1.252
2.458
1.992
0.491
0.077
1.268
2.458
1.954
0.491
0.051000000000000004
1.242
2.42
1.992
0.517
0.051000000000000004
1.21
2.432
1.992
0.504
0.051000000000000004
1.242
2.432
2.005
0.517
0.051000000000000004
1.223
2.407
2.0180000000000002
0.517
0.051000000000000004
1.174
2.42
2.031
0.5690000000000001
0.012
1.19
2.394
2.0180000000000002
0.53
0.051000000000000004
1.19
2.394
2.031
0.5690000000000001
0.038
1.151
2.3810000000000002
2.057
0.608
0.038
1.151
2.407
2.07
0.5650000000000001
0.025
1.1380000000000001
2.407
2.057
0.595
0.025
1.125
2.394
2.057
0.621
0.025
1.1
2.368
2.083
0.621
0.0
1.074
2.394
2.07
0.621
0.025
1.087
2.368
2.109
0.647
0.012
1.061
2.355
2.109
0.621
0.0
1.061
2.342
2.096
0.647
0.012
1.035
2.342
2.122
0.659
0.0
1.061
2.355
2.096
0.659
0.025
1.0050000000000001
2.368
2.148
0.672
0.012
1.022
2.342
2.122
0.685
0.0
1.0090000000000001
2.342
2.148
0.711
0.0
1.022
2.342
2.161
0.737
0.0
0.996
2.329
2.174
0.75
0.0
0.983
2.303
2.161
0.724
0.0
0.9570000000000001
2.329
2.2
0.763
0.012
0.931
2.303
2.2
0.776
0.0
0.931
2.29
2.212
0.789
0.0
0.918
2.277
2.2
0.789
0.0
0.918
2.277
2.225
0.776
0.0
0.879
2.277
2.238
0.8280000000000001
0.0
0.879
2.277
2.225
0.854
0.0
0.879
2.2640000000000002
2.251
0.867
0.0
0.854
2.2640000000000002
2.2640000000000002
0.851
0.0
0.8280000000000001
2.2640000000000002
2.277
0.867
0.0
0.854
2.251
2.277
0.879
0.0
0.8280000000000001
2.225
2.277
0.905
0.0
0.8150000000000001
2.2
2.2640000000000002
0.892
0.0
0.8150000000000001
2.2
2.303
0.918
0.0
0.776
2.2
2.303
0.918
0.0
0.776
2.212
2.303
0.931
0.0
0.75
2.2
2.303
0.931
0.0
0.75
2.174
2.303
0.9570000000000001
0.0
0.724
2.174
2.303
0.97
0.0
0.737
2.174
2.316
0.996
0.0
0.711
2.187
2.355
0.983
0.012
0.6980000000000001
2.148
2.329
1.035
0.012
0.685
2.174
2.368
1.025
0.0
0.6980000000000001
2.122
2.368
1.048
0.0
0.711
2.1350000000000002
2.368
1.035
0.012
0.685
2.1350000000000002
2.355
1.074
0.012
0.685
2.109
2.368
1.048
0.012
0.647
2.122
2.394
1.074
0.012
0.672
2.109
2.368
1.1
0.0
0.634
2.109
2.394
1.087
0.0
0.647
2.057
2.394
1.074
0.0
0.595
2.07
2.3810000000000002
1.125
0.025
0.608
2.057
2.3810000000000002
1.1380000000000001
0.012
0.5690000000000001
2.031
2.407
1.125
0.012
0.582
2.044
2.394
1.151
0.038
0.5690000000000001
2.057
2.42
1.164
0.025
0.53
2.0180000000000002
2.394
1.164
0.025
0.543
2.031
2.42
1.19
0.038
0.504
2.0180000000000002
2.407
1.176
0.038
0.53
2.005
2.42
1.229
0.025
0.504
1.98
2.445
1.229
0.051000000000000004
0.504
1.967
2.432
1.2550000000000001
0.064
0.501
1.967
2.432
1.281
0.067
0.504
1.967
2.445
1.281
0.064
0.47800000000000004
1.967
2.471
1.268
0.051000000000000004
0.47800000000000004
1.941
2.445
1.281
0.077
0.465
1.941
2.432
1.294
0.09
0.465
1.9020000000000001
2.458
1.332
0.064
0.439
1.889
2.458
1.371
0.09
0.427
1.915
2.445
1.358
0.09
0.452
1.889
2.484
1.358
0.077
0.427
1.8760000000000001
2.458
1.371
0.09
0.428
1.863
2.458
1.3840000000000001
0.077
0.401
1.863
2.484
1.3840000000000001
0.09
0.401
1.837
2.471
1.41
0.077
0.375
1.824
2.471
1.436
0.129
0.362
1.798
2.471
1.449
0.129
0.34900000000000003
1.7850000000000001
2.458
1.436
0.129
0.34900000000000003
1.872
2.497
1.449
0.116
0.323
1.798
2.497
1.462
0.155
0.34900000000000003
1.798
2.484
1.462
0.155
0.323
1.747
2.484
1.488
0.155
0.316
1.7590000000000001
2.484
1.5010000000000001
0.155
0.28400000000000003
1.747
2.497
1.54
0.168
0.323
1.7590000000000001
2.497
1.5270000000000001
0.155
0.271
1.695
2.497
1.54
0.194
0.245
1.695
2.497
1.552
0.194
0.258
1.682
2.471
1.54
0.194
0.271
1.682
2.484
1.591
0.194
0.232
1.669
2.471
1.591
0.20700000000000002
0.258
1.643
2.597
1.643
0.219
0.232
1.643
2.497
1.6560000000000001
0.232
0.245
1.637
2.497
1.669
0.232
0.219
1.604
2.497
1.695
0.194
0.181
1.578
2.484
1.695
0.271
0.194
1.565
2.484
1.695
0.245
0.184
1.565
2.484
1.721
0.245
0.194
1.552
2.471
1.695
0.28400000000000003
0.181
1.54
2.484
1.734
0.28400000000000003
0.155
1.54
2.484
1.747
0.23600000000000002
0.155
1.514
2.5100000000000002
1.747
0.323
0.168
1.5010000000000001
2.497
1.772
0.31
0.14200000000000002
1.462
2.497
1.7850000000000001
0.31
0.129
1.488
2.471
1.7850000000000001
0.323
0.122
1.469
2.497
1.798
0.336
0.14200000000000002
1.423
2.484
1.837
0.336
0.10300000000000001
1.436
2.484
1.85
0.375
0.10300000000000001
1.3840000000000001
2.471
1.863
0.375
0.09
1.411
2.484
1.863
0.388
0.09
1.3840000000000001
2.445
1.8760000000000001
0.401
0.064
1.345
2.458
1.889
0.401
0.09
1.345
2.471
1.9020000000000001
0.439
0.077
1.332
2.445
1.9020000000000001
0.439
0.09
1.294
2.458
1.941
0.427
0.051000000000000004
1.307
2.445
1.928
0.452
0.094
1.268
2.458
1.954
0.465
0.064
1.268
2.432
1.954
0.47800000000000004
0.064
1.281
2.432
1.942
0.491
0.051000000000000004
1.2550000000000001
2.407
1.98
0.517
0.051000000000000004
1.229
2.42
1.992
0.504
0.025
1.216
2.42
2.005
0.517
0.051000000000000004
1.216
2.407
1.98
0.53
0.051000000000000004
1.19
2.445
2.0180000000000002
0.53
0.038
1.216
2.42
2.0340000000000003
0.543
0.038
1.177
2.394
2.031
0.5690000000000001
0.025
1.125
2.394
2.057
0.582
0.025
1.1380000000000001
2.3810000000000002
2.07
0.582
0.025
1.112
2.407
2.07
0.621
0.025
1.112
2.3810000000000002
2.096
0.621
0.012
1.074
2.368
2.096
0.621
0.0
1.087
2.355
2.122
0.634
0.012
1.087
2.3810000000000002
2.083
0.647
0.012
1.048
2.368
2.109
0.647
0.012
1.048
2.342
2.109
0.659
0.012
1.061
2.368
2.122
0.647
0.012
1.061
2.368
2.122
0.672
0.0
1.035
2.355
2.1350000000000002
0.685
0.012
0.996
2.355
2.1350000000000002
0.711
0.012
0.996
2.329
2.161
0.711
0.012
1.022
2.342
2.164
0.724
0.012
0.983
2.342
2.161
0.724
0.0
0.983
2.316
2.174
0.724
0.0
0.98
2.329
2.2
0.723
0.0
0.9570000000000001
2.303
2.2
0.75
0.0
0.9570000000000001
2.29
2.202
0.789
0.0
0.918
2.303
2.225
0.776
0.0
0.918
2.29
2.212
0.802
0.0
0.892
2.29
2.238
0.841
0.0
0.892
2.277
2.251
0.841
0.0
0.854
2.277
2.251
0.854
0.0
0.8280000000000001
2.2640000000000002
2.2640000000000002
0.854
0.0
0.841
2.251
2.277
0.859
0.025
0.8280000000000001
2.238
2.277
0.905
0.0
0.789
2.187
2.303
0.892
0.0
0.776
2.212
2.303
0.918
0.0
0.776
2.2
2.29
0.9440000000000001
0.0
0.763
2.212
2.316
0.918
0.0
0.75
2.2
2.316
0.9570000000000001
0.0
0.75
2.174
2.329
0.97
0.0
0.724
2.187
2.342
0.97
0.012
0.711
2.174
2.355
0.935
0.0
0.6980000000000001
2.1350000000000002
2.355
1.0090000000000001
0.012