
0.336
0.996
1.7590000000000001
2.342
2.471
2.148
1.462
0.724
0.14200000000000002
0.0
0.31
0.996
1.7590000000000001
2.342
2.484
2.174
1.488
0.724
0.155
0.012
0.31
0.983
1.747
2.342
2.497
2.174
1.475
0.711
0.129
0.0
0.323
1.0090000000000001
1.7590000000000001
2.342
2.497
2.1350000000000002
1.488
0.724
0.155
0.0
0.31
1.0090000000000001
1.734
2.316
2.497
2.174
1.475
0.724
0.155
0.025
0.31
1.0090000000000001
1.742
2.329
2.484
2.161
1.5010000000000001
0.711
0.14200000000000002
0.0
0.323
0.97
1.7590000000000001
2.342
2.497
2.161
1.488
0.724
0.14200000000000002
0.0
0.31
1.996
1.747
2.329
2.497
2.148
1.488
0.724
0.129
0.012
0.31
1.0090000000000001
1.7590000000000001
2.329
2.471
2.161
1.488
0.6980000000000001
0.14200000000000002
0.012
0.323
1.022
1.7590000000000001
2.342
2.5100000000000002
2.174
1.5010000000000001
0.724
0.155
0.0
0.323
0.983
1.734
2.342
2.471
2.174
1.488
0.724
0.14200000000000002
0.012
0.31
0.97
1.734
2.342
2.497
2.161
1.5010000000000001
0.724
0.155
0.012
0.297
0.996
1.734
2.329
2.484
2.187
1.5010000000000001
0.737
0.14100000000000001
0.0
0.31
0.97
1.734
2.329
2.497
2.174
1.514
0.75
0.168
0.0
0.31
0.97
1.747
2.342
2.47
2.161
1.488
0.724
0.168
0.0
0.31
0.97
1.734
2.329
2.484
2.187
1.54
0.737
0.155
0.0
0.28400000000000003
0.9570000000000001
1.747
2.303
2.471
2.161
1.514
0.75
0.155
0.0
0.31
0.9570000000000001
1.734
2.303
2.471
2.2
1.552
0.763
0.155
0.0
0.28400000000000003
0.931
1.734
2.277
2.497
2.172
1.514
0.763
0.155
0.0
0.297
0.9440000000000001
1.734
2.316
2.471
2.187
1.552
0.75
0.181
0.0
0.297
0.931
1.695
2.316
2.471
2.2
1.54
0.776
0.194
0.0
0.271
0.931
1.682
2.303
2.497
2.225
1.565
0.763
0.181
0.012
0.28400000000000003
0.918
1.695
2.303
2.497
2.2
1.54
0.782
0.181
0.0
0.28400000000000003
0.918
1.695
2.29
2.497
2.212
1.565
0.776
0.194
0.0
0.271
0.918
1.682
2.303
2.497
2.225
1.552
0.776
0.181
0.0
0.258
0.905
1.682
2.303
2.497
2.2
1.565
0.789
0.168
0.0
0.258
0.892
1.669
2.316
2.484
2.212
1.578
0.8150000000000001
0.194
0.0
0.245
0.879
1.669
2.314
2.497
2.238
1.591
0.802
0.20700000000000002
0.0
0.245
0.892
1.669
2.277
2.484
2.238
1.565
0.8150000000000001
0.191
0.0
0.258
0.879
1.682
2.277
2.5100000000000002
2.2
1.604
0.841
0.219
0.0
0.258
0.905
1.643
2.2640000000000002
2.497
2.251
1.604
0.841
0.20700000000000002
0.0
0.219
0.854
1.643
2.29
2.484
2.225
1.6300000000000001
0.841
0.219
0.0
0.219
0.867
1.6300000000000001
2.2640000000000002
2.497
2.251
1.604
0.8280000000000001
0.20700000000000002
0.0
0.20700000000000002
0.854
1.643
2.2640000000000002
2.471
2.2640000000000002
1.643
0.854
0.232
0.0
0.20700000000000002
0.841
1.643
2.2640000000000002
2.497
2.2640000000000002
1.6400000000000001
0.841
0.245
0.0
0.232
0.854
1.6300000000000001
2.2640000000000002
2.497
2.2640000000000002
1.6560000000000001
0.867
0.245
0.0
0.219
0.8280000000000001
1.604
2.2640000000000002
2.484
2.277
1.6300000000000001
0.867
0.219
0.0
0.219
0.841
1.591
2.2640000000000002
2.484
2.277
1.6560000000000001
0.867
0.245
0.0
0.219
0.8280000000000001
1.617
2.225
2.484
2.29
1.6560000000000001
0.867
0.245
0.0
0.219
0.8280000000000001
1.591
2.225
2.497
2.277
1.6460000000000001
0.879
0.245
0.0
0.194
0.8280000000000001
1.578
2.2640000000000002
2.484
2.277
1.682
0.892
0.245
0.0
0.181
0.8150000000000001
1.578
2.238
2.484
2.2640000000000002
1.682
0.879
0.232
0.0
0.194
0.8280000000000001
1.565
2.225
2.497
2.303
1.682
0.905
0.271
0.0
0.194
0.802
1.552
2.212
2.497
2.277
1.682
0.931
0.28400000000000003
0.0
0.194
0.8150000000000001
1.552
2.2
2.484
2.303
1.695
0.905
0.245
0.0
0.194
0.802
1.565
2.2
2.5100000000000002
2.29
1.682
0.9440000000000001
0.271
0.0
0.194
0.789
1.565
2.2
2.5100000000000002
2.203
1.695
0.931
0.271
0.0
0.181
0.763
1.54
2.212
2.5100000000000002
2.316
1.682
0.905
0.28400000000000003
0.0
0.168
0.776
1.552
2.212
2.497
2.29
1.608
0.905
0.271
0.012
0.181
0.776
1.552
2.212
2.497
2.316
1.708
0.97
0.271
0.0
0.181
0.763
1.54
2.2
2.497
2.29
1.721
0.9440000000000001
0.271
0.0
0.181
0.75
1.552
2.2
2.484
2.303
1.734
0.9440000000000001
0.31
0.0
0.181
0.776
1.5270000000000001
2.2
2.484
2.329
1.734
0.9440000000000001
0.271
0.012
0.155
0.75
1.514
2.2
2.497
2.329
1.734
0.97
0.31
0.0
0.168
0.75
1.514
2.174
2.497
2.329
1.734
0.97
0.31
0.0
0.168
0.737
1.514
2.187
2.471
2.342
1.734
0.97
0.31
0.0
0.168
0.737
1.5010000000000001
2.187
2.497
2.316
1.747
0.996
0.31
0.0
0.181
0.711
1.475
2.174
2.484
2.342
1.772
0.996
0.31
0.012
0.14200000000000002
0.711
1.5010000000000001
2.148
2.497
2.368
1.7590000000000001
0.983
0.323
0.0
0.181
0.685
1.475
2.161
2.497
2.355
1.7590000000000001
0.996
0.323
0.0
0.14200000000000002
0.6980000000000001
1.462
2.148
2.497
2.342
1.772
0.996
0.31
0.012
0.129
0.711
1.449
2.161
2.484
2.355
1.798
0.983
0.323
0.012
0.129
0.711
1.462
2.161
2.5100000000000002
2.3810000000000002
1.7850000000000001
1.0090000000000001
0.34600000000000003
0.0
0.116
0.6980000000000001
1.436
2.174
2.484
2.355
1.7850000000000001
1.048
0.34900000000000003
0.012
0.14200000000000002
0.6980000000000001
1.436
2.122
2.471
2.342
1.7850000000000001
1.048
0.336
0.012
0.116
0.6980000000000001
1.436
2.122
2.458
2.342
1.824
1.035
0.323
0.012
0.129
0.659
1.423
2.148
2.497
2.342
1.811
1.035
0.336
0.012
0.10300000000000001
0.672
1.446
2.109
2.458
2.355
1.811
1.048
0.34900000000000003
0.0
0.10300000000000001
0.685
1.423
2.1350000000000002
2.471
2.3810000000000002
1.837
1.061
0.336
0.012
0.129
0.642
1.41
2.122
2.484
2.368
1.824
1.061
0.34900000000000003
0.012
0.129
0.672
1.436
2.122
2.458
2.342
1.824
1.061
0.336
0.0
0.129
0.672
1.41
2.109
2.471
2.3810000000000002
1.854
1.048
0.362
0.012
0.10300000000000001
0.659
1.397
2.122
2.471
2.3810000000000002
1.837
1.048
0.375
0.0
0.10300000000000001
0.659
1.41
2.122
2.484
2.368
1.863
1.074
0.388
0.012
0.09
0.659
1.397
2.109
2.484
2.368
1.824
1.061
0.388
0.012
0.10300000000000001
0.621
1.3840000000000001
2.109
2.471
2.368
1.85
1.074
0.375
0.0
0.19
0.634
1.358
2.109
2.458
2.355
1.85
1.087
0.375
0.0
0.09
0.621
1.397
2.096
2.471
2.394
1.85
1.061
0.388
0.025
0.10300000000000001
0.608
1.3840000000000001
2.083
2.445
2.368
1.85
1.087
0.41400000000000003
0.025
0.09
0.595
1.3840000000000001
2.07
2.458
2.394
1.863
1.087
0.401
0.012
0.10300000000000001
0.608
1.371
2.083
2.458
2.394
1.863
1.1
0.388
0.025
0.10300000000000001
0.608
1.358
2.096
2.471
2.368
1.85
1.112
0.41400000000000003
0.012
0.09
0.595
1.358
2.07
2.471
2.394
1.863
1.125
0.41400000000000003
0.012
0.10300000000000001
0.595
1.358
2.083
2.458
2.3810000000000002
1.8760000000000001
1.115
0.41400000000000003
0.012
0.077
0.608
1.358
2.07
2.471
2.42
1.863
1.1
0.401
0.0
0.077
0.608
1.358
2.057
2.471
2.394
1.8760000000000001
1.1380000000000001
0.401
0.025
0.077
0.595
1.345
2.057
2.458
2.407
1.9020000000000001
1.1380000000000001
0.41400000000000003
0.051000000000000004
0.064
0.508
1.345
2.044
2.471
2.394
1.889
1.1380000000000001
0.427
0.025
0.064
0.595
1.358
2.083
2.445
2.394
1.889
1.125
0.439
0.012
0.077
0.5690000000000001
1.319
2.044
2.445
2.394
1.889
1.1380000000000001
0.41400000000000003
0.025
0.064
0.582
1.332
2.057
2.445
2.407
1.915
1.125
0.41400000000000003
0.012
0.09
0.556
1.319
2.057
2.458
2.407
1.889
1.164
0.427
0.012
0.077
0.595
1.294
2.057
2.445
2.394
1.889
1.151
0.439
0.038
0.077
0.5690000000000001
1.319
2.044
2.458
2.42
1.915
1.1380000000000001
0.465
0.012
0.077
0.582
1.307
2.044
2.445
2.3810000000000002
1.928
1.151
0.452
0.025
0.064
0.582
1.332
2.031
2.458
2.394
1.915
1.177
0.427
0.012
0.077
0.556
1.332
2.044
2.471
2.432
1.928
1.177
0.439
0.025
0.064
0.543
1.319
2.044
2.458
2.394
1.915
1.164
0.465
0.038
0.077
0.5690000000000001
1.294
2.031
2.458
2.42
1.944
1.164
0.452
0.038
0.064
0.543
1.307
2.031
2.458
2.3810000000000002
1.941
1.19
0.439
0.012
0.051000000000000004
0.543
1.281
2.031
2.445
2.42
1.928
1.177
0.47800000000000004
0.038
0.077
0.543
1.307
2.005
2.458
2.432
1.954
1.177
0.465
0.038
0.064
0.543
1.2550000000000001
2.005
2.458
2.432
1.967
1.229
0.465
0.025
0.064
0.504
1.2550000000000001
2.005
2.458
2.407
1.951
1.203
0.504
0.038
0.064
0.504
1.268
2.092
2.42
2.432
1.967
1.216
0.47800000000000004
0.025
0.038
0.504
1.242
1.992
2.432
2.42
1.967
1.242
0.504
0.025
0.051000000000000004
0.517
1.242
1.98
2.42
2.432
1.98
1.229
0.491
0.038
0.038
0.517
1.242
1.98
2.432
2.42
1.98
1.2550000000000001
0.491
0.064
0.025
0.504
1.229
1.992
2.42
2.407
1.98
1.2550000000000001
0.517
0.064
0.051000000000000004
0.504
1.242
1.954
2.445
2.432
1.967
1.229
0.47800000000000004
0.077
0.025
0.47800000000000004
1.242
1.98
2.407
2.42
1.992
1.281
0.504
0.038
0.051000000000000004
0.47800000000000004
1.242
1.941
2.42
2.458
1.967
1.242
0.517
0.064
0.025
0.47800000000000004
1.216
1.928
2.407
2.445
1.992
1.281
0.517
0.077
0.038
0.465
1.197
1.9020000000000001
2.42
2.432
2.0180000000000002
1.281
0.53
0.051000000000000004
0.025
0.465
1.177
1.941
2.407
2.432
2.031
1.281
0.53
0.051000000000000004
0.038
0.439
1.19
1.954
2.432
2.458
2.031
1.294
0.53
0.064
0.012
0.47800000000000004
1.19
1.915
2.407
2.471
2.0340000000000003
1.307
0.556
0.064
0.025
0.439
1.19
1.928
2.407
2.471
2.057
1.319
0.5690000000000001
0.064
0.012
0.427
1.177
1.889
2.394
2.435
2.031
1.332
0.556
0.077
0.025
0.427
1.164
1.9020000000000001
2.394
2.471
2.057
1.319
0.595
0.064
0.025
0.439
1.151
1.889
2.394
2.458
2.057
1.332
0.582
0.09
0.015
0.437
1.151
1.9020000000000001
2.3810000000000002
2.471
2.057
1.345
0.582
0.077
0.025
0.401
1.151
1.9020000000000001
2.407
2.484
2.083
1.371
0.608
0.09
0.012
0.388
1.112
1.883
2.394
2.471
2.07
1.345
0.621
0.077
0.012
0.427
1.1
1.889
2.394
2.488
2.07
1.358
0.595
0.10300000000000001
0.025
0.41400000000000003
1.112
1.85
2.3810000000000002
2.458
2.096
1.3840000000000001
0.634
0.016
0.012
0.41400000000000003
1.112
1.863
2.394
2.471
2.096
1.3800000000000001
0.608
0.116
0.025
0.375
1.1
1.85
2.394
2.484
2.122
1.3840000000000001
0.621
0.116
0.025
0.388
1.061
1.863
2.368
2.484
2.109
1.371
0.621
0.077
0.012
0.388
1.048
1.824
2.368
2.458
2.122
1.397
0.634
0.09
0.0
0.375
1.061
1.837
2.368
2.471
2.122
1.397
0.647
0.116
0.01
0.388
1.048
1.837
2.368
2.484
2.1350000000000002
1.41
0.645
0.129
0.012
0.375
1.035
1.798
2.342
2.484
2.109
1.436
0.672
0.129
0.0
0.362
1.035
1.811
2.368
2.458
2.1350000000000002
1.436
0.672
0.116
0.012
0.375
1.061
1.798
2.355
2.471
2.122
1.475
0.685
0.129
0.012
0.323
1.0090000000000001
1.798
2.355
2.458
2.145
1.475
0.685
0.14200000000000002
0.012
0.336
1.022
1.7850000000000001
2.355
2.497
2.161
1.475
0.6980000000000001
0.116
0.012
0.336
1.0090000000000001
1.7590000000000001
2.342
2.471
2.161
1.462
0.685
0.129
0.0
0.336
1.022
1.7590000000000001
2.342
2.497
2.161
1.488
0.711
0.129
0.0
0.323
0.996
1.747
2.355
2.471
2.161
1.488
0.711
0.129
0.0
0.31
0.996
1.747
2.316
2.497
2.187
1.514
0.724
0.181
0.0
0.323
0.983
1.747
2.316
2.497
2.161
1.414
0.724
0.168
0.0
0.323
0.983
1.708
2.342
2.484
2.187
1.514
0.737
0.155
0.012
0.31
0.97
1.747
2.316
2.497
2.212
1.5270000000000001
0.723
0.181
0.0
0.297
0.931
1.734
2.303
2.497
2.2
1.54
0.75
0.181
0.0
0.297
0.931
1.682
2.29
2.497
2.187
1.552
0.763
0.188
0.0
0.281
0.9440000000000001
1.695
2.303
2.5100000000000002
2.225
1.565
0.789
0.181
0.0
0.28400000000000003
0.918
1.695
2.303
2.5100000000000002
2.225
1.552
0.789
0.168
0.012
0.245
0.892
1.669
2.303
2.484
2.212
1.565
0.802
0.194
0.0
0.271
0.931
1.682
2.29
2.597
2.225
1.552
0.8280000000000001
0.20700000000000002
0.0
0.245
0.879
1.669
2.2640000000000002
2.497
2.225
1.578
0.8280000000000001
0.194
0.012
0.245
0.879
1.682
2.2640000000000002
2.471
2.225
1.591
0.8150000000000001
0.219
0.0
0.245
0.867
1.6560000000000001
2.251
2.484
2.225
1.617
0.8150000000000001
0.219
0.0
0.245
0.867
1.6300000000000001
2.277
2.484
2.251
1.604
0.8150000000000001
0.219
0.0
0.219
0.854
1.6300000000000001
2.277
2.484
2.251
1.6300000000000001
0.854
0.219
0.0
0.232
0.854
1.6300000000000001
2.277
2.484
2.277
1.643
0.854
0.219
0.0
0.232
0.867
1.617
2.225
2.5100000000000002
2.251
1.6560000000000001
0.879
0.232
0.0
0.219
0.8150000000000001
1.604
2.251
2.484
2.303
1.643
0.892
0.232
0.0
0.232
0.841
1.604
2.238
2.497
2.29
1.669
0.892
0.258
0.0
0.20700000000000002
0.879
1.591
2.238
2.523
2.29
1.6560000000000001
0.892
0.245
0.0
0.194
0.8220000000000001
1.578
2.225
2.484
2.29
1.669
0.879
0.232
0.0
0.20700000000000002
0.8150000000000001
1.565
2.225
2.497
2.29
1.695
0.905
0.258
0.0
0.20700000000000002
0.789
1.54
2.212
2.497
2.29
1.682
0.905
0.28400000000000003
0.0
0.181
0.763
1.565
2.225
2.5100000000000002
2.303
1.695
0.918
0.297
0.0
0.168
0.783
1.565
2.212
2.497
2.29
1.695
0.9440000000000001
0.28400000000000003
0.0
0.194
0.789
1.54
2.187
2.484
2.316
1.695
0.9440000000000001
0.297
0.0
0.168
0.763
1.552
2.187
2.497
2.316
1.734
0.97
0.31
0.0
0.14200000000000002
0.75
1.514
2.2
2.484
2.329
1.721
0.97
0.31
0.01
0.168
0.724
1.5010000000000001
2.1710000000000003
2.497
2.316
1.772
0.9570000000000001
0.31
0.0
0.14200000000000002
0.724
1.475
2.174
2.471
2.316
1.7590000000000001
0.996
0.323
0.0
0.155
0.724
1.5010000000000001
2.187
2.497
2.342
1.772
0.996
0.397
0.012
0.14200000000000002
0.75
1.475
2.161
2.484
2.316
1.772
0.983
0.31
0.0
0.14200000000000002
0.6980000000000001
1.488
2.161
2.497
2.316
1.7850000000000001
0.983
0.31
0.012
0.155
0.711
1.488
2.1350000000000002
2.484
2.355
1.7850000000000001
0.983
0.323
0.0
0.129
0.711
1.462
2.1350000000000002
2.497
2.355
1.772
1.0090000000000001
0.323
0.012
0.129
0.724
1.449
2.148
2.471
2.355
1.7850000000000001
1.035
0.34900000000000003
0.0
0.14200000000000002
0.6950000000000001
1.449
2.1350000000000002
2.497
2.342
1.811
1.022
0.34900000000000003
0.0
0.129
0.672
1.449
2.122
2.497
2.355
1.837
1.035
0.336
0.0
0.129
0.659
1.462
2.1350000000000002
2.471
2.3810000000000002
1.798
1.048
0.375
0.0
0.129
0.672
1.449
2.142
2.484
2.368
1.811
1.061
0.375
0.012
0.10300000000000001
0.672
1.436
2.122
2.484
2.368
1.837
1.074
0.362
0.025
0.10300000000000001
0.659
1.436
2.109
2.471
2.3810000000000002
1.85
1.061
0.362
0.0
0.09
0.659
1.423
2.122
2.484
2.3810000000000002
1.824
1.1
0.388
0.012
0.09
0.621
1.3840000000000001
2.109
2.484
2.367
1.85
1.1
0.375
0.012
0.09
0.634
1.3840000000000001
2.083
2.458
2.368
1.85
1.112
0.41400000000000003
0.025
0.09
0.621
1.358
2.07
2.445
2.3810000000000002
1.863
1.112
0.41400000000000003
0.025
0.10300000000000001
0.608
1.358
2.083
2.458
2.407
1.8860000000000001
1.112
0.41400000000000003
0.012
0.064
0.608
1.345
2.057
2.458
2.407
1.8760000000000001
1.125
0.427
0.038
0.09
0.582
1.332
2.07
2.445
2.384
1.889
1.1380000000000001
0.401
0.025
0.077
0.595
1.345
2.044
2.471
2.394
1.915
1.125
0.439
0.025
0.077
0.582
1.332
2.031
2.445
2.407
1.928
1.164
0.452
0.025
0.051000000000000004
0.556
1.332
2.044
2.484
2.407
1.915
1.164
0.465
0.025
0.09
0.556
1.319
2.0180000000000002
2.471
2.407
1.941
1.177
0.452
0.038
0.10300000000000001
0.536
1.294
2.031
2.458
2.432
1.928
1.164
0.452
0.025
0.077
0.5690000000000001
1.294
2.044
2.471
2.394
1.928
1.203
0.465
0.025
0.064
0.556
1.281
2.031
2.471
2.432
1.941
1.203
0.452
0.038
0.09
0.543
1.307
2.005
2.432
2.407
1.954
1.216
0.465
0.025
0.051000000000000004
0.53
1.294
2.005
2.471
2.407
1.954
1.19
0.47800000000000004
0.012
0.051000000000000004
0.517
1.2550000000000001
2.031
2.445
2.432
1.967
1.203
0.452
0.012
0.025
0.491
1.281
1.992
2.445
2.432
1.941
1.203
0.494
0.051000000000000004
0.061
0.504
1.229
1.98
2.445
2.42
1.954
1.216
0.504
0.051000000000000004
0.051000000000000004
0.504
1.2550000000000001
1.98
2.445
2.445
1.98
1.2550000000000001
0.517
0.038
0.051000000000000004
0.504
1.242
1.98
2.432
2.458
1.98
1.268
0.504
0.038
0.051000000000000004
0.47800000000000004
1.216
1.954
2.445
2.432
1.992
1.281
0.53
0.038
0.051000000000000004
0.491
1.229
1.941
2.42
2.445
2.005
1.268
0.517
0.077
0.051000000000000004
0.465
1.19
1.954
2.432
2.445
2.0180000000000002
1.294
0.53
0.064
0.051000000000000004
0.465
1.203
1.928
2.432
2.445
1.018
1.294
0.53
0.077
0.025
0.465
1.177
1.954
2.42
2.458
2.005
1.307
0.53
0.051000000000000004
0.025
0.465
1.19
1.941
2.432
2.432
2.0180000000000002
1.281
0.549
0.064
0.012
0.465
1.203
1.928
2.394
2.445
2.031
1.307
0.582
0.077
0.012
0.465
1.19
1.9020000000000001
2.42
2.445
2.0180000000000002
1.294
0.553
0.064
0.012
0.427
1.19
1.915
2.394
2.432
2.0180000000000002
1.307
0.556
0.064
0.012
0.427
1.1380000000000001
1.9020000000000001
2.42
2.471
2.044
1.332
0.582
0.077
0.038
0.41400000000000003
1.151
1.889
2.407
2.445
2.0180000000000002
1.332
0.608
0.077
0.012
0.427
1.1380000000000001
1.889
2.394
2.471
2.057
1.315
0.5690000000000001
0.064
0.025
0.427
1.151
1.889
2.3810000000000002
2.458
2.057
1.358
0.595
0.064
0.025
0.401
1.125
1.802
2.3810000000000002
2.458
2.087
1.345
0.608
0.077
0.0
0.41400000000000003
1.164
1.863
2.42
2.458
2.07
1.345
0.595
0.093
0.0
0.41400000000000003
1.1
1.863
2.3810000000000002
2.458
2.057
1.3840000000000001
0.621
0.116
0.012
0.401
1.1
1.85
2.3810000000000002
2.471
2.083
1.371
0.634
0.09
0.0
0.401
1.1
1.85
2.394
2.484
2.07
1.371
0.634
0.064
0.012
0.375
1.087
1.837
2.368
2.471
2.083
1.3840000000000001
0.634
0.116
0.0
0.401
1.074
1.85
2.3810000000000002
2.484
2.109
1.397
0.634
0.116
0.0
0.362
1.061
1.824
2.355
2.471
2.109
1.436
0.672
0.129
0.0
0.336
1.061
1.837
2.368
2.484
2.148
1.436
0.659
0.116
0.012
0.362
1.022
1.7850000000000001
2.355
2.471
2.122
1.436
0.672
0.129
0.0
0.336
1.035
1.818
2.342
2.471
2.1350000000000002
1.436
0.711
0.116
0.0
0.336
1.035
1.7850000000000001
2.329
2.471
2.161
1.5010000000000001
0.711
0.116
0.0
0.323
1.0090000000000001
1.747
2.355
2.497
2.148
1.475
0.711
0.155
0.0
0.323
1.0090000000000001
1.7590000000000001
2.342
2.497
2.161
1.488
0.711
0.129
0.0
0.323
0.996
1.7590000000000001
2.316
2.484
2.161
1.514
0.75
0.129
0.012
0.297
0.9440000000000001
1.721
2.303
2.484
2.2
1.5270000000000001
0.75
0.155
0.012
0.297
0.9440000000000001
1.708
2.329
2.484
2.174
1.54
0.776
0.181
0.0
0.297
0.9570000000000001
1.721
2.316
2.484
2.2
1.54
0.763
0.181
0.0
0.271
0.931
1.708
2.316
2.497
2.212
1.552
0.789
0.181
0.012
0.28400000000000003
0.931
1.669
2.277
2.497
2.225
1.578
0.802
0.181
0.0
0.271
0.918
1.669
2.277
2.484
2.238
1.591
0.789
0.181
0.0
0.258
0.905
1.669
2.2640000000000002
2.484
2.212
1.578
0.8150000000000001
0.20700000000000002
0.0
0.271
0.9540000000000001
1.669
2.29
2.484
2.238
1.594
0.8280000000000001
0.20700000000000002
0.0
0.232
0.854
1.6560000000000001
2.277
2.497
2.251
1.591
0.841
0.20700000000000002
0.0
0.219
0.879
1.6560000000000001
2.251
2.484
2.2640000000000002
1.633
0.841
0.232
0.0
0.232
0.879
1.604
2.277
2.471
2.251
1.6300000000000001
0.841
0.20700000000000002
0.0
0.219
0.841
1.617
2.2640000000000002
2.497
2.2640000000000002
1.6560000000000001
0.854
0.219
0.012
0.219
0.8150000000000001
1.617
2.225
2.484
2.29
1.6300000000000001
0.867
0.232
0.0
0.194
0.8280000000000001
1.604
2.251
2.5100000000000002
2.29
1.643
0.854
0.258
0.0
0.20700000000000002
0.8150000000000001
1.591
2.238
2.497
2.251
1.6560000000000001
0.879
0.258
0.0
0.194
0.789
1.591
2.238
2.5100000000000002
2.277
1.682
0.892
0.271
0.012
0.181
0.8280000000000001
1.552
2.225
2.484
2.303
1.669
0.892
0.271
0.0
0.168
0.802
1.565
2.212
2.497
2.29
1.682
0.931
0.258
0.0
0.181
0.789
1.565
2.212
2.497
2.303
1.682
0.9440000000000001
0.258
0.0
0.219
0.802
1.552
2.212
2.484
2.303
1.708
0.931
0.271
0.0
0.168
0.763
1.552
2.217
2.484
2.303
1.708
0.9570000000000001
0.28400000000000003
0.0
0.181
0.776
1.54
2.2
2.458
2.303
1.708
0.9570000000000001
0.31
0.012
0.188
0.763
1.5010000000000001
2.2
2.5100000000000002
2.303
1.708
0.9440000000000001
0.31
0.0
0.14200000000000002
0.75
1.5270000000000001
2.174
2.471
2.29
1.7590000000000001
0.97
0.297
0.012
0.14200000000000002
0.724
1.488
2.187
2.497
2.329
1.772
0.983
0.31
0.0
0.155
0.724
1.5010000000000001
2.164
2.471
2.329
1.772
1.0090000000000001
0.323
0.0
0.168
0.763
1.475
2.174
2.484
2.355
1.772
0.983
0.28400000000000003
0.0
0.14200000000000002
0.724
1.488
2.174
2.471
2.355
1.772
0.996
0.31
0.012
0.129
0.711
1.488
2.174
2.484
2.342
1.772
1.048
0.323
0.0
0.155
0.724
1.462
2.161
2.471
2.342
1.7850000000000001
1.022
0.34900000000000003
0.012
0.14200000000000002
0.724
1.475
2.138
2.471
2.342
1.7850000000000001
1.061
0.362
0.0
0.129
0.685
1.475
2.122
2.497
2.355
1.824
1.035
0.336
0.0
0.129
0.711
1.436
2.122
2.471
2.355
1.798
1.048
0.31
0.012
0.116
0.685
1.449
2.109
2.471
2.355
1.798
1.061
0.34900000000000003
0.025
0.129
0.685
1.423
2.122
2.484
2.355
1.837
1.048
0.34900000000000003
0.012
0.10300000000000001
0.685
1.436
2.109
2.484
2.355
1.85
1.074
0.362
0.012
0.10300000000000001
0.634
1.3840000000000001
2.109
2.471
2.368
1.85
1.074
0.362
0.012
0.10300000000000001
0.634
1.3840000000000001
2.096
2.484
2.3810000000000002
1.811
1.087
0.375
0.012
0.116
0.647
1.41
2.083
2.484
2.3810000000000002
1.863
1.1
0.375
0.025
0.077
0.634
1.3840000000000001
2.109
2.458
2.3810000000000002
1.837
1.061
0.375
0.0
0.09
0.608
1.3840000000000001
2.109
2.471
2.394
1.85
1.112
0.41400000000000003
0.025
0.177
0.608
1.371
2.07
2.445
2.394
1.863
1.125
0.41400000000000003
0.012
0.077
0.608
1.371
2.057
2.484
2.394
1.8760000000000001
1.125
0.41400000000000003
0.012
0.09
0.621
1.358
2.07
2.458
2.407
1.8760000000000001
1.125
0.401
0.025
0.09
0.621
1.345
2.07
2.458
2.394
1.8760000000000001
1.112
0.427
0.012
0.09
0.608
1.345
2.057
2.471
2.407
1.802
1.125
0.427
0.012
0.064
0.595
1.332
2.057
2.471
2.407
1.8760000000000001
1.125
0.439
0.012
0.077
0.595
1.332
2.044
2.471
2.407
1.9020000000000001
1.151
0.429
0.012
0.07
0.595
1.332
2.057
2.471
2.407
1.889
1.112
0.439
0.025
0.09
0.5690000000000001
1.332
2.044
2.432
2.407
1.889
1.1380000000000001
0.439
0.012
0.077
0.582
1.307
2.054
2.471
2.394
1.915
1.177
0.439
0.025
0.077
0.582
1.332
2.044
2.445
2.3810000000000002
1.928
1.177
0.452
0.025
0.064
0.556
1.332
2.057
2.445
2.394
1.928
1.177
0.452
0.025
0.09
0.556
1.332
2.031
2.432
2.394
1.915
1.177
0.452
0.025
0.077
0.5690000000000001
1.294
2.031
2.471
2.407
1.941
1.19
0.439
0.038
0.064
0.5690000000000001
1.2550000000000001
2.0180000000000002
2.445
2.432
1.941
1.177
0.465
0.025
0.038
0.5690000000000001
1.307
2.031
2.445
2.394
1.928
1.177
0.465
0.038
0.064
0.53
1.307
2.0180000000000002
2.432
2.432
1.928
1.203
0.465
0.012
0.051000000000000004
0.517
1.294
2.005
2.458
2.407
1.928
1.19
0.47800000000000004
0.038
0.064
0.53
1.229
1.98
2.458
2.432
1.967
1.177
0.47800000000000004
0.051000000000000004
0.038
0.504
1.281
1.992
2.445
2.407
1.967
1.229
0.491
0.038
0.038
0.504
1.268
2.0020000000000002
2.445
2.42
1.954
1.216
0.465
0.064
0.038
0.491
1.2550000000000001
2.005
2.458
2.471
1.967
1.216
0.47800000000000004
0.051000000000000004
0.051000000000000004
0.504
1.245
1.98
2.42
2.42
1.992
1.229
0.491
0.038
0.038
0.491
1.242
1.98
2.445
2.432
1.98
1.2550000000000001
0.517
0.034
0.025
0.504
1.229
1.967
2.394
2.445
1.992
1.2550000000000001
0.517
0.038
0.038
0.491
1.229
1.957
2.42
2.432
1.98
1.2550000000000001
0.53
0.051000000000000004
0.025
0.47800000000000004
1.229
1.954
2.44
2.432
1.992
1.268
0.543
0.064
0.012
0.452
1.216
1.941
2.432
2.445
1.992
1.294
0.543
0.064
0.051000000000000004
0.465
1.19
1.941
2.432
2.432
2.0180000000000002
1.281
0.53
0.051000000000000004
0.038
0.465
1.216
1.928
2.407
2.445
2.011
1.281
0.556
0.077
0.025
0.452
1.177
1.941
2.407
2.445
2.031
1.294
0.543
0.051000000000000004
0.012
0.465
1.19
1.941
2.494
2.458
2.0180000000000002
1.294
0.556
0.077
0.012
0.439
1.177
1.915
2.394
2.445
2.031
1.319
0.556
0.064
0.012
0.427
1.164
1.9020000000000001
2.42
2.445
2.0180000000000002
1.294
0.556
0.09
0.025
0.452
1.151
1.8760000000000001
2.42
2.484
2.031
1.332
0.5690000000000001
0.064
0.025
0.439
1.1380000000000001
1.9020000000000001
2.394
2.445
2.057
1.319
0.608
0.09
0.025
0.439
1.151
1.915
2.42
2.471
2.07
1.358
0.595
0.077
0.012
0.427
1.125
1.889
2.394
2.458
2.07
1.332
0.608
0.09
0.038
0.41400000000000003
1.125
1.889
2.394
2.471
2.044
1.332
0.608
0.064
0.025
0.401
1.1380000000000001
1.9020000000000001
2.394
2.474
2.07
1.3840000000000001
0.582
0.077
0.025
0.41400000000000003
1.1380000000000001
1.889
2.368
2.458
2.07
1.371
0.608
0.077
0.012
0.427
1.112
1.85
2.368
2.445
2.083
1.358
0.608
0.09
0.012
0.388
1.125
1.889
2.368
2.458
2.07
1.371
0.595
0.077
0.0
0.427
1.1
1.837
2.368
2.458
2.07
1.371
0.608
0.10300000000000001
0.0
0.375
1.112
1.85
2.3810000000000002
2.458
2.17
1.371
0.608
0.093
0.012
0.375
1.1
1.8760000000000001
2.368
2.445
2.096
1.3840000000000001
0.647
0.064
0.038
0.388
1.1
1.837
2.368
2.484
2.096
1.3840000000000001
0.621
0.116
0.012
0.375
1.061
1.824
2.368
2.484
2.1350000000000002
1.397
0.659
0.09
0.025
0.362
1.061
1.811
2.3810000000000002
2.484
2.109
1.423
0.647
0.116
0.012
0.362
1.061
1.798
2.355
2.458
2.122
1.436
0.659
0.10300000000000001
0.0
0.362
1.061
1.798
2.355
2.471
2.122
1.462
0.672
0.129
0.012
0.34900000000000003
1.048
1.824
2.368
2.497
2.1350000000000002
1.449
0.659
0.129
0.012
0.362
1.061
1.798
2.368
2.471
2.122
1.436
0.6890000000000001
0.129
0.012
0.34900000000000003
1.048
1.798
2.355
2.471
2.148
1.462
0.672
0.129
0.012
0.34900000000000003
1.035
1.7850000000000001
2.342
2.471
2.148
1.475
0.672
0.14200000000000002
0.0
0.323
1.035
1.798
2.355
2.497
2.161
1.423
0.6980000000000001
0.14200000000000002
0.0
0.336
1.022
1.7850000000000001
2.342
2.471
2.1350000000000002
1.475
0.6980000000000001
0.129
0.0
0.323
0.996
1.772
2.355
2.471
2.187
1.475
0.711
0.129
0.0
0.336
1.035
1.772
2.316
2.471
2.148
1.5010000000000001
0.6980000000000001
0.129
0.0
0.397
0.983
1.747
2.316
2.484
2.174
1.475
0.724
0.155
0.012
0.31
0.996
1.772
2.316
2.5100000000000002
2.187
1.5010000000000001
0.724
0.155
0.0
0.323
0.983
1.7590000000000001
2.316
2.458
2.174
1.488
0.737
0.168
0.0
0.28400000000000003
0.97
1.772
2.303
2.484
2.287
1.5010000000000001
0.724
0.168
0.0
0.31
0.9440000000000001
1.734
2.316
2.484
2.2
1.5010000000000001
0.75
0.155
0.0
0.297
0.97
1.724
2.329
2.5100000000000002
2.225
1.5270000000000001
0.763
0.168
0.0
0.297
0.9440000000000001
1.708
2.316
2.471
2.187
1.552
0.763
0.181
0.012
0.258
0.9440000000000001
1.734
2.29
2.484
2.212
1.547
0.737
0.168
0.0
0.297
0.918
1.734
2.316
2.497
2.225
1.514
0.789
0.168
0.0
0.297
0.918
1.734
2.316
2.484
2.2
1.552
0.763
0.168
0.0
0.28400000000000003
0.918
1.682
2.277
2.484
2.2
1.552
0.773
0.181
0.0
0.245
0.918
1.682
2.277
2.497
2.212
1.578
0.776
0.181
0.0
0.271
0.918
1.695
2.303
2.497
2.212
1.552
0.789
0.194
0.0
0.271
0.892
1.682
2.29
2.497
2.225
1.578
0.8150000000000001
0.194
0.012
0.258
0.905
1.669
2.2640000000000002
2.497
2.225
1.591
0.789
0.194
0.0
0.258
0.895
1.682
2.2640000000000002
2.497
2.2
1.578
0.789
0.20700000000000002
0.0
0.245
0.879
1.669
2.29
2.497
2.212
1.504
0.802
0.20700000000000002
0.0
0.245
0.905
1.643
2.2640000000000002
2.484
2.212
1.591
0.841
0.20700000000000002
0.0
0.219
0.905
1.6560000000000001
2.251
2.497
2.2640000000000002
1.604
0.8150000000000001
0.20700000000000002
0.0
0.232
0.879
1.6300000000000001
2.251
2.471
2.225
1.607
0.854
0.20700000000000002
0.0
0.245
0.879
1.6300000000000001
2.2640000000000002
2.497
2.238
1.591
0.854
0.232
0.0
0.232
0.879
1.643
2.2640000000000002
2.5100000000000002
2.2640000000000002
1.6300000000000001
0.867
0.194
0.0
0.20700000000000002
0.879
1.6300000000000001
2.2640000000000002
2.497
2.2640000000000002
1.6560000000000001
0.8280000000000001
0.232
0.012
0.258
0.854
1.6300000000000001
2.238
2.497
2.277
1.643
0.869
0.232
0.0
0.212
0.854
1.6300000000000001
2.2640000000000002
2.484
2.277
1.643
0.841
0.20700000000000002
0.0
0.23700000000000002
0.854
1.6300000000000001
2.231
2.497
2.251
1.6300000000000001
0.854
0.232
0.0
0.232
0.8280000000000001
1.617
2.251
2.484
2.277
1.6560000000000001
0.867
0.245
0.012
0.194
0.841
1.617
2.225
2.471
2.29
1.669
0.892
0.245
0.0
0.194
0.8280000000000001
1.604
2.225
2.497
2.277
1.6560000000000001
0.892
0.219
0.0
0.20700000000000002
0.802
1.604
2.238
2.484
2.2640000000000002
1.6560000000000001
0.892
0.258
0.0
0.194
0.802
1.591
2.212
2.484
2.263
1.695
0.905
0.258
0.0
0.20700000000000002
0.8150000000000001
1.565
2.232
2.484
2.29
1.682
0.905
0.271
0.0
0.20700000000000002
0.8150000000000001
1.578
2.238
2.497
2.29
1.669
0.931
0.245
0.0
0.194
0.789
1.54
2.22
2.497
2.303
1.695
0.918
0.245
0.0
0.20700000000000002
0.776
1.54
2.225
2.484
2.277
1.708
0.9440000000000001
0.271
0.0
0.194
0.789
1.552
2.2
2.497
2.316
1.695
0.918
0.258
0.0
0.194
0.776
1.54
2.212
2.497
2.316
1.708
0.9570000000000001
0.271
0.0
0.14200000000000002
0.763
1.54
2.2
2.484
2.342
1.708
0.97
0.28400000000000003
0.0
0.168
0.776
1.54
2.2
2.5100000000000002
2.29
1.734
0.9440000000000001
0.297
0.0
0.155
0.763
1.514
2.187
2.497
2.316
1.747
0.9570000000000001
0.297
0.0
0.194
0.711
1.5010000000000001
2.161
2.484
2.342
1.747
0.97
0.28400000000000003
0.0
0.168
0.724
1.5010000000000001
2.187
2.484
2.316
1.734
0.9570000000000001
0.31
0.0
0.14200000000000002
0.737
1.462
2.2
2.497
2.329
1.772
0.983
0.323
0.012
0.155
0.724
1.5010000000000001
2.161
2.497
2.329
1.772
0.996
0.397
0.0
0.155
0.711
1.5010000000000001
2.187
2.471
2.316
1.772
1.0090000000000001
0.31
0.0
0.129
0.724
1.488
2.148
2.497
2.355
1.7590000000000001
1.035
0.397
0.012
0.112
0.724
1.475
2.161
2.497
2.329
1.772
1.022
0.34900000000000003
0.0
0.155
0.711
1.462
2.174
2.471
2.329
1.798
1.035
0.323
0.0
0.116
0.685
1.462
2.1350000000000002
2.497
2.342
1.7850000000000001
1.048
0.323
0.012
0.09
0.6980000000000001
1.449
2.122
2.497
2.355
1.811
1.035
0.34900000000000003
0.025
0.129
0.672
1.462
2.1350000000000002
2.471
2.355
1.798
1.048
0.362
0.0
0.129
0.685
1.436
2.1350000000000002
2.478
2.3810000000000002
1.798
1.061
0.362
0.012
0.10300000000000001
0.672
1.436
2.122
2.471
2.342
1.837
1.087
0.362
0.012
0.129
0.647
1.436
2.109
2.484
2.355
1.83
1.035
0.362
0.012
0.10300000000000001
0.672
1.423
2.109
2.458
2.3810000000000002
1.834
1.061
0.34900000000000003
0.0
0.116
0.647
1.41
2.109
2.458
2.355
1.824
1.061
0.401
0.012
0.10300000000000001
0.647
1.423
2.122
2.471
2.355
1.837
1.112
0.375
0.0
0.10300000000000001
0.634
1.41
2.122
2.484
2.368
1.863
1.061
0.375
0.012
0.09
0.621
1.41
2.109
2.458
2.384
1.85
1.1
0.401
0.012
0.09
0.621
1.371
2.044
2.484
2.307
1.8760000000000001
1.087
0.401
0.025
0.09
0.634
1.371
2.083
2.471
2.368
1.8760000000000001
1.125
0.41400000000000003
0.025
0.10300000000000001
0.582
1.371
2.057
2.484
2.394
1.863
1.125
0.401
0.038
0.09
0.608
1.345
2.07
2.458
2.407
1.8760000000000001
1.112
0.439
0.025
0.09
0.595
1.332
2.044
2.445
2.407
1.889
1.125
0.427
0.038
0.077
0.595
1.345
2.057
2.458
2.39
1.889
1.1380000000000001
0.401
0.025
0.09
0.582
1.345
2.044
2.445
2.407
1.889
1.151
0.439
0.051000000000000004
0.077
0.582
1.294
2.044
2.445
2.394
1.915
1.177
0.427
0.025
0.064
0.582
1.319
2.031
2.458
2.394
1.915
1.19
0.465
0.038
0.051000000000000004
0.5690000000000001
1.307
2.044
2.432
2.394
1.928